0.12264931 -0.30723798 0.8901037 -0.9306656 0.6526288 -0.94306254 0.7714429 0.96840703 0.6838474 0.16575253 0.40611863 0.95425785 0.53217506 0.7903695 -0.681762 0.09608841 -0.07248068 0.94646156 0.7289773 -0.021496415 0.7838005 0.87269163 0.692382 0.9515697 -0.89577496 0.007825136
0.009333253 0.28968465 -0.2868904 -0.62450147 0.49208236 0.6133139 0.041862845 0.94463444 0.39253855 0.45181227 0.69924045 0.4827119 -0.40106654 -0.37388456 -0.2834394 -0.71497416 0.046615005 0.52534413 0.5810088 -0.76145506 -0.33610582 0.5579916 -0.41315818 -0.3422774 -0.65157557 0.6295625
-0.93961513 0.2947775 0.5373889 -0.5135783 -0.99472237 -0.2022717 -0.6037743 -0.36407113 -0.103971004 -0.79274035 -0.50255525 -0.7817092 -0.23308969 -0.15339446 -0.62201333 -0.92542934 0.52335584 0.18311977 0.31437957 0.6675997 0.859395 -0.5082438 -0.2282747 0.6701757 0.016329885 0.40071678
0.009333253 0.28968465 0.43685746 -0.62450147 0.030110002 0.6133139 0.55502844 0.7283888 0.39253855 -0.61283517 0.69924045 -0.012583852 -0.16100395 0.76019967 -0.2834394 -0.94065714 0.4123124 0.7983229 -0.40677297 -0.45318103 0.71618104 -0.30206358 -0.41315818 0.8720361 -0.65157557 0.6295625
-0.93961513 0.2947775 0.5373889 -0.5135783 0.9526386 -0.2022717 -0.6037743 -0.36407113 0.1688788 -0.79274035 -0.50255525 -0.7817092 -0.23308969 -0.15339446 -0.62201333 -0.92542934 0.52335584 0.18311977 0.31437957 0.6675997 0.859395 -0.5082438 -0.2282747 0.6701757 0.016329885 0.40071678
-0.46060407 -0.30723798 0.29968643 0.51789975 0.58849895 -0.15467489 0.20402384 0.96840703 0.5545385 0.6875168 0.69924045 -0.12587214 0.39824176 -0.53333807 -0.8343339 -0.8352088 0.3893069 -0.46255994 -0.40677297 -0.021496415 -0.9562212 0.87269163 -0.03311181 0.93665457 0.89074993 -0.9816917
0.18755889 -0.30723798 0.29968643 0.51789975 0.58849895 -0.15467489 0.20402384 -0.35689425 -0.4536643 0.6875168 0.69924045 -0.12587214 0.77231705 -0.53333807 -0.8343339 -0.8352088 0.3893069 -0.46255994 -0.99653804 -0.021496415 -0.9562212 0.52824235 -0.03311181 0.93665457 0.03951764 -0.9816917
-0.46060407 -0.5036962 0.29968643 -0.18937552 0.58849895 -0.94306254 0.20402384 0.07958448 0.5545385 0.16575253 0.69924045 0.95425785 0.39824176 -0.53333807 -0.8343339 -0.3296399 0.3893069 -0.84503365 -0.40677297 0.19136453 -0.9562212 0.87269163 -0.03311181 0.9515697 0.89074993 0.007825136
0.12264931 -0.50359154 0.8901037 -0.52701676 0.3792796 0.5466676 0.81225395 0.7283888 -0.43359554 -0.61283517 -0.52187204 0.3601755 0.47065306 -0.5563985 -0.58219075 -0.94065714 0.68904567 -0.2094419 0.05769992 -0.45318103 0.7838005 -0.37125838 0.692382 -0.8207184 -0.57679236 0.6295625
0.12264931 -0.50359154 0.8901037 -0.52701676 0.3792796 0.5466676 0.81225395 0.7283888 0.35524857 -0.61283517 -0.52187204 0.3601755 0.47065306 -0.5563985 -0.58219075 -0.94065714 0.68904567 -0.2094419 0.05769992 -0.45318103 0.5211297 -0.37125838 0.692382 -0.8207184 -0.57679236 0.6295625
0.009333253 0.28968465 0.43685746 -0.62450147 0.030110002 0.62316024 0.8519075 0.7283888 0.39253855 -0.61283517 0.99676263 -0.26937544 -0.16100395 -0.5563985 0.1210227 0.010043383 0.37238312 0.7983229 0.9453286 0.024807692 0.71618104 -0.30206358 -0.066110134 0.8720361 -0.65157557 0.6295625
0.009333253 0.28968465 0.43685746 -0.62450147 0.030110002 0.62316024 0.8519075 0.7283888 0.39253855 -0.61283517 0.99676263 -0.26937544 -0.16100395 -0.5563985 0.1210227 0.010043383 0.37238312 0.7983229 0.9453286 0.024807692 0.71618104 -0.30206358 -0.066110134 0.8720361 -0.65157557 0.30536318
0.66242516 -0.50359154 0.8901037 0.47683597 0.6526288 0.5466676 0.7714429 0.7283888 -0.43359554 0.14569569 -0.52187204 0.3601755 0.908144 -0.5563985 -0.681762 0.07089782 0.68904567 -0.2094419 -0.7009734 0.8347317 -0.60306895 -0.37125838 0.58201015 -0.8207184 -0.26831257 0.3501817
0.12264931 -0.50359154 0.8901037 -0.52701676 0.3792796 0.5466676 -0.30510485 0.7283888 0.35524857 -0.61283517 -0.52187204 0.3601755 0.47065306 -0.5563985 -0.53962076 0.07089782 0.68904567 -0.2094419 0.49400306 -0.45318103 0.5211297 -0.37125838 0.692382 -0.8207184 -0.57679236 0.6295625
0.12264931 -0.50359154 0.018922925 0.47683597 0.3792796 0.5466676 -0.30510485 0.7797308 -0.34402192 -0.052333713 -0.9494302 0.3601755 0.54056704 -0.5563985 -0.53962076 0.07089782 0.68904567 -0.2094419 0.49400306 0.8347317 0.5211297 -0.37125838 -0.41705096 -0.8207184 0.57095623 0.3501817
0.12264931 -0.50359154 0.8901037 -0.52701676 0.3792796 0.5466676 -0.30510485 -0.105716825 0.35524857 -0.61283517 -0.52187204 -0.32195354 0.47065306 -0.5563985 -0.17903316 0.07089782 0.68904567 -0.2094419 0.49400306 -0.45318103 0.5211297 0.40914202 0.692382 -0.8207184 0.8165759 0.6295625
0.12264931 -0.50359154 0.8901037 -0.52701676 0.3792796 0.5466676 -0.30510485 -0.105716825 0.35524857 -0.61283517 0.8871933 -0.32195354 -0.5849056 -0.5563985 -0.17903316 0.07089782 0.68904567 -0.2094419 0.49400306 -0.45318103 0.5211297 0.40914202 0.692382 -0.8207184 0.8165759 0.6295625
0.009333253 0.28968465 0.43685746 -0.62450147 0.030110002 0.62316024 -0.17517161 0.7283888 0.39253855 0.89679 0.99676263 -0.26937544 -0.75937593 -0.9683373 0.01442194 0.010043383 0.37238312 0.7983229 0.6989001 0.024807692 0.71618104 -0.30206358 -0.066110134 0.8720361 -0.65157557 0.30536318
0.12264931 -0.50359154 0.8901037 -0.52701676 0.3792796 0.5466676 -0.30510485 -0.105716825 0.35524857 -0.61283517 0.8871933 -0.32195354 -0.5849056 -0.5563985 -0.17903316 0.07089782 0.68904567 -0.2094419 0.49400306 0.90103173 0.5211297 -0.53553724 -0.58967566 -0.8207184 0.31962836 0.41021717
0.14632618 -0.9745492 0.8901037 -0.8541752 0.3792796 0.14409101 -0.30510485 -0.95309734 0.35524857 -0.30493557 0.8871933 -0.38362515 0.21441066 -0.5563985 -0.17903316 -0.92064786 0.68904567 -0.2094419 -0.99337435 0.8347317 -0.6694193 0.2092365 -0.58967566 -0.8207184 0.31962836 0.70932984
0.14632618 -0.50359154 0.8901037 -0.52701676 0.3792796 0.5466676 -0.30510485 -0.105716825 0.35524857 -0.61283517 0.8871933 -0.32195354 0.21441066 -0.03262472 -0.17903316 0.07089782 0.68904567 -0.2094419 0.49400306 0.90103173 -0.6694193 -0.53553724 -0.58967566 -0.8207184 0.31962836 0.41021717
0.8869877 -0.045609593 0.063786626 0.5444287 -0.33399498 0.62316024 0.5345242 -0.9297801 0.8082315 -0.61283517 0.47724175 0.08978021 -0.5098208 0.92949617 -0.64132535 -0.13045633 0.5177425 0.5407071 0.0120533705 0.27561533 0.18067539 0.59102464 -0.7351434 -0.94870913 0.97466016 0.30635107
0.8869877 -0.3057618 0.063786626 -0.52701676 0.055536628 0.5466676 0.5345242 -0.105716825 0.8082315 -0.61283517 0.15653157 -0.32195354 -0.5098208 -0.03262472 0.4344833 0.07089782 0.5177425 -0.2094419 0.0120533705 0.90103173 0.2273246 -0.53553724 -0.7351434 -0.8207184 0.88318336 0.41021717
0.8869877 -0.3057618 0.063786626 -0.52701676 0.055536628 0.5466676 0.5345242 -0.105716825 0.8082315 -0.61283517 0.15653157 -0.32195354 -0.5098208 -0.03262472 0.4344833 0.07089782 0.5177425 -0.2094419 0.0120533705 0.90103173 0.2273246 -0.53553724 -0.7351434 -0.8207184 0.88318336 0.41021717
0.8869877 -0.3057618 0.063786626 -0.52701676 0.055536628 0.5466676 0.5345242 -0.105716825 0.8082315 -0.61283517 0.15653157 -0.7454525 -0.5098208 -0.03262472 0.4344833 0.48530507 0.5177425 -0.2094419 0.0120533705 0.90103173 0.2273246 -0.99479675 -0.7351434 -0.8207184 -0.27308023 0.41021717
0.9473659 0.79494715 0.063786626 0.51553047 0.14144969 -0.34727252 0.31108093 0.49497128 -0.5005213 -0.47975373 0.47724175 -0.099935174 0.779927 0.94500244 -0.11179447 -0.64918566 0.8599838 0.21647084 0.5625055 -0.22305393 0.8936286 -0.1864562 -0.9235277 -0.026643634 0.602908 0.066740274
0.9473659 0.79494715 0.063786626 0.51553047 0.14144969 -0.34727252 0.31108093 0.49497128 -0.5005213 -0.47975373 0.47724175 -0.099935174 0.779927 0.94500244 -0.11179447 -0.64918566 0.8599838 0.21647084 0.51151836 -0.46497607 0.8936286 -0.1864562 -0.9235277 -0.026643634 0.602908 0.066740274
0.72023416 -0.047332764 0.8901037 -0.17176926 -0.35862434 -0.34727252 -0.40345144 -0.058163047 0.021027207 -0.47975373 0.45283425 -0.099935174 0.21441066 0.94500244 0.1559583 -0.64918566 -0.6138605 0.21647084 0.49400306 -0.22305393 -0.6694193 -0.1864562 -0.8868749 -0.026643634 -0.9335352 0.066740274
0.72023416 0.20405066 0.8901037 -0.52701676 -0.35862434 -0.49237227 -0.30510485 -0.105716825 0.35524857 -0.61283517 0.8871933 -0.1928047 0.21441066 -0.03262472 0.1559583 -0.32640278 -0.65610194 -0.8923993 -0.09166944 0.064235926 -0.6694193 0.051859498 -0.8868749 0.85444796 0.71086144 -0.3786161
0.72023416 0.20405066 0.8901037 -0.52701676 -0.35862434 -0.05505383 0.5108633 -0.105716825 0.35524857 -0.61283517 0.8871933 0.13925028 0.21441066 -0.03262472 0.1559583 -0.32640278 -0.65610194 -0.8923993 -0.09166944 0.064235926 0.06286669 0.051859498 -0.22578847 0.85444796 0.71086144 -0.3786161
0.5275053 -0.87931335 0.53071713 0.51553047 0.24155867 -0.34727252 0.92736816 0.49497128 -0.26351655 0.81109273 -0.5144936 -0.099935174 0.3148147 0.94500244 0.01442194 -0.64918566 0.71927416 0.21647084 0.6989001 -0.46497607 -0.13002157 -0.1864562 -0.3245654 0.32002854 -0.4047048 0.4736513
0.72023416 0.20405066 0.8901037 -0.52701676 -0.35862434 -0.05505383 0.5108633 -0.105716825 0.35524857 -0.61283517 0.8871933 0.13925028 0.21441066 -0.03262472 0.1559583 -0.32640278 -0.65610194 -0.8923993 -0.09166944 -0.29594672 0.06286669 0.051859498 -0.22578847 0.85444796 0.71086144 -0.3786161
0.5275053 -0.87931335 0.7621728 -0.31527174 -0.32622695 -0.34727252 0.8997381 0.49497128 -0.05331552 0.81109273 -0.5144936 -0.59245586 0.3148147 0.94500244 0.01442194 -0.64918566 0.5682696 0.21647084 0.6989001 -0.46497607 -0.13002157 -0.1864562 -0.94059646 0.32002854 -0.4047048 0.4736513
0.5275053 -0.87931335 0.7621728 -0.31527174 -0.32622695 -0.34727252 -0.11604416 0.49497128 -0.05331552 0.81109273 -0.5144936 -0.59245586 -0.49532986 0.94500244 0.01442194 -0.64918566 0.5682696 0.21647084 0.6989001 -0.46497607 -0.13002157 -0.1864562 -0.94059646 0.32002854 -0.4047048 0.4736513
-0.77958477 0.515826 -0.95184505 0.58336604 0.92512727 0.8247819 0.5345242 0.5709866 -0.38439238 -0.61283517 -0.27650893 -0.50486565 0.21835673 0.3858577 -0.8021891 0.36304796 0.96260226 -0.2094419 0.0120533705 0.094236016 0.2273246 0.3688712 -0.7351434 -0.8207184 0.34912622 -0.3157959
0.85003245 -0.87931335 0.53071713 -0.7428268 -0.85478604 -0.34727252 0.15737355 0.49497128 -0.31721985 0.81109273 -0.3158431 -0.59245586 -0.086425304 0.78745556 -0.77652824 -0.64918566 -0.5207138 0.21647084 0.7120403 -0.46497607 -0.07098532 -0.1864562 0.9299474 0.32002854 -0.65157557 0.4736513
-0.09406912 -0.87931335 0.8901037 0.91149294 0.8371546 -0.34727252 0.77719057 0.30066228 -0.6003696 0.81109273 0.29136693 -0.69268084 0.21441066 0.78745556 0.32595205 -0.64918566 -0.3607924 0.21647084 -0.09166944 -0.46497607 0.06286669 0.037991166 -0.7736366 0.95386016 0.68827105 -0.8928447
-0.5806625 0.20405066 0.8901037 -0.52701676 -0.35862434 0.40773833 0.5108633 -0.105716825 -0.47944534 -0.61283517 0.96440494 0.13925028 0.21441066 -0.66027987 0.1559583 0.9897504 -0.31412232 0.46123374 -0.09166944 -0.29594672 0.06286669 0.051859498 -0.22578847 0.85444796 0.71086144 -0.12635863
0.68574905 0.6022352 0.8901037 1.3506413E-4 -0.5946368 0.40773833 -0.02888012 -0.105716825 -0.47944534 -0.61283517 0.96440494 0.13925028 0.21441066 -0.39875042 0.1559583 0.9897504 -0.31412232 0.46123374 0.20617688 -0.18855894 -0.09519827 0.8158437 0.8209852 0.85444796 0.71086144 -0.12635863
-0.5806625 0.41669405 0.8901037 -0.52701676 -0.35862434 0.40773833 0.5108633 -0.105716825 -0.07169235 -0.61283517 0.96440494 0.13925028 -0.08222377 -0.66027987 0.1559583 0.9897504 -0.31412232 0.46123374 -0.9923978 -0.18855894 0.06286669 0.8158437 -0.22578847 0.85444796 -0.7821475 -0.12635863
-0.09406912 0.6660793 -0.52221227 -0.7428268 0.8371546 0.8302696 0.14127553 -3.874302E-5 -0.6003696 -0.1260413 0.29136693 -0.61075497 0.38845313 -0.8924283 0.2898774 -0.34162378 -0.3607924 0.15088832 -0.09166944 -0.28631747 0.06286669 0.26608694 -0.7736366 0.26842272 -0.59085786 0.96260643
-0.5806625 -0.4026711 0.8901037 -0.52701676 0.41478837 0.40773833 0.9830731 -0.105716825 -0.12687898 -0.61283517 0.21810365 0.13925028 -0.08222377 -0.66027987 0.1559583 0.9897504 -0.8450171 0.6329613 -0.9923978 -0.18855894 0.3774042 0.8158437 -0.22578847 -0.17635977 -0.7821475 -0.9929062
-0.09406912 0.6022352 -0.52221227 1.3506413E-4 0.8371546 0.40773833 -0.9335122 -0.5601417 -0.6003696 -0.61283517 -0.8541378 0.9393501 0.38845313 -0.35162723 0.2898774 0.9897504 -0.3607924 0.46123374 -0.09166944 -0.18855894 0.06286669 0.8158437 -0.7736366 0.5326811 -0.59085786 0.24851358
-0.09406912 0.6022352 -0.52221227 1.3506413E-4 0.8371546 0.61472034 -0.9335122 -0.5601417 -0.6003696 -0.61283517 -0.631819 0.9393501 0.38845313 0.6341214 -0.97271585 0.9897504 -0.3607924 0.46123374 -0.09166944 -0.18855894 0.06286669 0.8158437 -0.7736366 0.5326811 -0.59085786 0.24851358
-0.09406912 0.131235 -0.24825704 0.25412405 0.66656744 0.40773833 -0.3233025 -0.5601417 -0.5959846 -0.1384989 0.29136693 0.9393501 -0.3924762 -0.35162723 0.5998359 -0.43429768 -0.3607924 0.46123374 -0.30759645 0.7253659 -0.6544657 0.8158437 0.5008507 0.7054845 0.75201786 0.01777339
