0.8193985 -0.75909066 -0.30371857 0.6663859 -0.5569017 -0.9395782 -0.53422344 -0.6403011 -0.4603629 -0.13148642 -0.55294955 0.6699822 -0.77847254 0.7584357 -0.76473093 0.75047183 0.92386436 -0.89996195 -0.3699584 0.14941335 0.8353313 -0.41107726 0.46956396 -0.48037767 -0.19090867 0.28176653
0.7257806 0.0061807632 0.7799336 0.89826214 -0.30092573 -0.8512068 -0.05188942 0.6656058 0.6036148 0.8524654 0.9796858 -0.92532825 0.2638209 0.5935333 -0.7540841 0.005920768 0.5176332 -0.80849457 -0.45605493 0.6779207 0.15936863 -0.8928846 -0.119681 0.04658389 -0.20025039 -0.1560862
0.7257806 0.0061807632 0.7799336 0.89826214 -0.30092573 -0.8512068 -0.05188942 0.6656058 0.6036148 0.8524654 0.9796858 -0.92532825 0.2638209 0.5935333 -0.7540841 0.005920768 0.5176332 -0.80849457 -0.45605493 0.6779207 0.15936863 -0.8928846 -0.119681 0.04658389 -0.20025039 -0.1560862
0.8193985 0.09772384 -0.30371857 0.9705535 -0.5569017 -0.5684334 -0.53422344 0.3006698 -0.4603629 -0.7252065 -0.55294955 -0.05028534 -0.77847254 0.15091264 -0.76473093 0.47904432 0.92386436 -0.69499826 -0.3699584 0.15470171 0.8353313 0.20048249 0.46956396 0.4740721 -0.19090867 0.27179778
0.7257806 0.0061807632 0.7799336 0.89826214 -0.30092573 -0.8512068 -0.05188942 0.6656058 0.6036148 0.8524654 0.9796858 -0.92532825 0.2638209 0.5935333 -0.7540841 0.005920768 0.5176332 -0.80849457 -0.45605493 0.6779207 0.15936863 -0.8928846 -0.119681 0.04658389 -0.20025039 -0.1560862
-0.55984867 0.0061807632 0.75583506 0.89826214 0.22084486 -0.8512068 -0.13236606 0.6656058 -0.03709972 0.1440115 -0.38611233 -0.92532825 -0.541693 0.5935333 -0.28735948 0.005920768 -0.56184244 -0.80849457 0.9427937 0.6779207 -0.31751013 -0.8928846 0.9154146 0.04658389 -0.3369336 -0.1560862
-0.55984867 0.0061807632 0.75583506 0.89826214 0.22084486 -0.8512068 -0.13236606 0.6656058 -0.03709972 0.1440115 -0.38611233 -0.92532825 -0.541693 0.5935333 -0.28735948 0.005920768 -0.56184244 -0.80849457 0.9427937 0.6779207 -0.31751013 -0.8928846 0.9154146 0.04658389 -0.3369336 -0.1560862
-0.55984867 0.0061807632 0.75583506 0.89826214 0.22084486 -0.8512068 -0.13236606 0.6656058 -0.03709972 0.1440115 -0.38611233 -0.92532825 -0.541693 0.5935333 -0.28735948 0.005920768 -0.56184244 -0.80849457 0.9427937 0.6779207 -0.31751013 -0.8928846 0.9154146 0.04658389 -0.3369336 -0.1560862
-0.55984867 0.0061807632 0.75583506 0.89826214 0.22084486 -0.8512068 -0.13236606 0.6656058 -0.03709972 0.1440115 -0.38611233 -0.92532825 -0.541693 0.5935333 -0.28735948 0.005920768 -0.56184244 -0.80849457 0.9427937 0.6779207 -0.31751013 -0.8928846 0.9154146 0.04658389 -0.3369336 -0.1560862
-0.55984867 0.8579415 0.75583506 0.41173637 0.22084486 -0.9411707 0.87854326 -0.10839045 -0.03709972 -0.94458365 -0.38611233 0.92337894 -0.541693 0.16980886 -0.13766038 0.6533544 -0.56184244 -0.2392838 0.9427937 0.30169952 -0.31751013 -0.47910953 0.4248855 -0.19929063 0.9544275 0.7983811
0.30483627 0.8579415 0.29424047 0.41173637 0.6678846 -0.9411707 -0.56731856 -0.10839045 0.93758583 -0.94458365 -0.37315977 0.92337894 0.3939203 0.16980886 0.40794206 0.6533544 0.021149993 -0.2392838 0.28123212 0.30169952 0.08097756 -0.47910953 0.018323183 -0.19929063 0.762655 0.7983811
-0.55984867 0.0061807632 0.75583506 0.89826214 0.22084486 -0.8512068 -0.13236606 0.6656058 -0.03709972 0.1440115 -0.38611233 -0.92532825 -0.541693 0.5935333 -0.28735948 0.005920768 -0.56184244 -0.80849457 0.9427937 0.6779207 -0.31751013 -0.8928846 0.32552147 0.04658389 -0.3369336 -0.1560862
-0.55984867 0.0061807632 0.75583506 0.89826214 0.22084486 -0.8512068 -0.13236606 0.6656058 -0.03709972 0.1440115 -0.38611233 -0.92532825 -0.541693 0.5935333 -0.28735948 0.005920768 -0.56184244 -0.80849457 0.9427937 0.6779207 -0.31751013 -0.8928846 0.32552147 0.04658389 -0.3369336 -0.1560862
0.30483627 0.8579415 0.29424047 0.41173637 0.6678846 -0.9411707 -0.56731856 -0.10839045 0.93758583 -0.94458365 -0.37315977 0.92337894 0.3939203 0.16980886 0.40794206 0.6533544 0.021149993 -0.2392838 0.28123212 0.30169952 0.08097756 -0.47910953 0.018323183 -0.19929063 0.762655 0.7983811
0.30483627 0.8579415 0.29424047 0.41173637 0.6678846 -0.9411707 -0.56731856 -0.10839045 0.93758583 -0.94458365 -0.37315977 0.92337894 0.3939203 0.16980886 0.40794206 0.6533544 0.021149993 -0.2392838 0.28123212 0.30169952 0.08097756 -0.47910953 0.018323183 -0.19929063 0.762655 0.7983811
-0.55984867 0.0061807632 0.75583506 0.89826214 0.22084486 -0.8512068 -0.13236606 0.6656058 -0.03709972 0.1440115 -0.38611233 -0.92532825 -0.541693 0.5935333 -0.28735948 0.005920768 -0.56184244 -0.80849457 0.9427937 0.6779207 -0.31751013 -0.8928846 0.32552147 0.04658389 -0.3369336 -0.1560862
0.30483627 0.8579415 0.29424047 0.41173637 0.6678846 -0.9411707 -0.56731856 -0.10839045 0.93758583 -0.94458365 -0.37315977 0.92337894 0.3939203 0.16980886 0.40794206 0.6533544 0.021149993 -0.2392838 0.28123212 0.30169952 0.08097756 -0.47910953 0.018323183 -0.19929063 0.762655 0.7983811
0.30483627 0.8579415 0.29424047 0.41173637 0.6678846 -0.9411707 -0.56731856 -0.10839045 0.93758583 -0.94458365 -0.37315977 0.92337894 0.3939203 0.16980886 0.40794206 0.6533544 0.021149993 -0.2392838 0.28123212 0.30169952 0.08097756 -0.47910953 0.018323183 -0.19929063 0.762655 0.7983811
0.30483627 0.8579415 0.29424047 0.41173637 0.6678846 -0.7689564 -0.56731856 -0.10839045 0.93758583 -0.94458365 -0.37315977 0.92337894 0.3939203 0.16980886 0.40794206 0.6533544 0.021149993 0.13615704 0.28123212 0.30169952 0.08097756 -0.47910953 0.018323183 -0.19929063 0.762655 0.7983811
0.30483627 0.8579415 0.29424047 0.41173637 0.6678846 -0.7689564 -0.56731856 -0.10839045 0.93758583 -0.94458365 -0.37315977 0.92337894 0.3939203 0.16980886 0.40794206 0.6533544 0.021149993 0.13615704 0.28123212 0.30169952 0.08097756 -0.47910953 0.018323183 -0.19929063 0.762655 0.7983811
0.25191247 0.8579415 0.07589674 0.41173637 -0.6329715 -0.7689564 0.76709616 -0.10839045 -0.044086933 -0.94458365 -0.5147519 0.92337894 -0.9590776 0.16980886 -0.10710871 0.6533544 0.17283833 0.13615704 0.16967988 0.30169952 0.38755596 -0.47910953 -0.22246861 -0.19929063 -0.23221326 0.7983811
0.25191247 0.8579415 0.07589674 0.41173637 -0.6329715 -0.7689564 0.76709616 -0.10839045 -0.044086933 -0.94458365 -0.5147519 0.92337894 -0.9590776 0.16980886 -0.10710871 0.6533544 0.17283833 0.13615704 0.16967988 0.30169952 0.38755596 -0.47910953 -0.22246861 -0.19929063 -0.23221326 0.7983811
0.25191247 0.8579415 0.07589674 0.41173637 -0.6329715 -0.7689564 0.49091172 -0.10839045 0.11078441 -0.94458365 0.6445552 0.92337894 0.30142558 -0.25156212 -0.54185987 0.6533544 0.17283833 0.13615704 0.16967988 0.30169952 0.38755596 -0.47910953 -0.22246861 -0.19929063 -0.23221326 0.7983811
0.25191247 0.8579415 0.07589674 0.41173637 -0.6329715 -0.9411707 0.76709616 -0.10839045 -0.044086933 -0.77437997 -0.5147519 0.92337894 -0.9590776 0.63362837 -0.10710871 0.6533544 0.17283833 -0.2392838 0.16967988 0.30169952 0.38755596 -0.47910953 -0.22246861 -0.853047 -0.23221326 0.7983811
0.25191247 0.8225744 0.07589674 -0.85411465 -0.6329715 0.7965715 0.76709616 0.0929966 -0.044086933 -0.061238766 -0.5147519 0.60324776 -0.9590776 -0.4104159 -0.10710871 0.6032667 0.17283833 -0.42129946 0.16967988 0.117688656 0.38755596 -0.27100205 -0.22246861 -0.023306608 -0.23221326 0.6501863
0.25191247 0.8225744 0.07589674 -0.85411465 -0.6329715 0.7965715 0.76709616 0.0929966 -0.044086933 -0.061238766 -0.5147519 0.60324776 -0.9590776 -0.4104159 -0.10710871 0.6032667 0.17283833 -0.42129946 0.16967988 0.117688656 0.38755596 -0.27100205 -0.22246861 -0.023306608 -0.23221326 0.6501863
0.25191247 0.8225744 0.07589674 -0.85411465 -0.6329715 0.7965715 0.76709616 0.0929966 -0.044086933 -0.061238766 -0.5147519 0.60324776 -0.9590776 -0.4104159 -0.10710871 0.6032667 0.17283833 -0.42129946 0.16967988 0.117688656 0.38755596 -0.27100205 -0.22246861 -0.023306608 -0.23221326 0.6501863
0.25191247 0.8225744 0.07589674 -0.85411465 -0.6329715 0.7965715 0.76709616 0.0929966 -0.044086933 -0.061238766 -0.5147519 0.60324776 -0.9590776 -0.4104159 -0.10710871 0.6032667 0.17283833 -0.42129946 0.16967988 0.117688656 0.38755596 -0.27100205 -0.22246861 -0.023306608 -0.23221326 0.6501863
0.25191247 0.8225744 0.07589674 -0.85411465 -0.6329715 0.7965715 0.76709616 0.0929966 -0.044086933 -0.061238766 -0.5147519 0.60324776 -0.9590776 -0.4104159 -0.10710871 0.6032667 0.17283833 -0.42129946 0.16967988 0.117688656 0.38755596 -0.27100205 -0.22246861 -0.023306608 -0.23221326 0.6501863
-0.55984867 0.8225744 0.75583506 -0.85411465 0.22084486 0.7965715 -0.13236606 0.0929966 -0.03709972 -0.061238766 -0.38611233 0.60324776 -0.541693 -0.4104159 -0.28735948 0.6032667 -0.56184244 -0.42129946 0.9427937 0.117688656 -0.31751013 -0.27100205 0.32552147 -0.023306608 -0.3369336 0.6501863
0.25191247 0.8225744 0.07589674 -0.85411465 -0.6329715 0.7965715 0.76709616 0.0929966 -0.044086933 -0.061238766 -0.5147519 0.60324776 -0.9590776 -0.4104159 -0.10710871 0.6032667 0.17283833 -0.42129946 0.16967988 0.117688656 0.38755596 -0.27100205 -0.22246861 -0.023306608 -0.23221326 0.6501863
0.25191247 0.8225744 0.07589674 -0.85411465 -0.6192473 0.20190704 0.07781434 0.0929966 -0.044086933 -0.061238766 -0.5147519 0.60324776 -0.9590776 -0.4104159 -0.10710871 0.6032667 0.17283833 -0.42129946 0.16967988 0.117688656 0.38755596 -0.27100205 -0.22246861 -0.023306608 0.07315254 0.6501863
-0.55984867 0.8225744 0.75583506 -0.85411465 0.22084486 0.7965715 -0.13236606 0.0929966 -0.03709972 -0.061238766 -0.38611233 0.60324776 -0.541693 -0.4104159 -0.28735948 0.6032667 -0.56184244 -0.42129946 0.9427937 0.117688656 -0.31751013 -0.27100205 0.32552147 -0.023306608 -0.3369336 0.6501863
0.25191247 0.8225744 0.07589674 -0.85411465 -0.6329715 0.7965715 0.76709616 0.0929966 -0.044086933 -0.061238766 -0.5147519 0.60324776 -0.9590776 -0.4104159 -0.10710871 0.6032667 0.17283833 -0.42129946 0.16967988 0.117688656 0.38755596 -0.27100205 -0.22246861 -0.023306608 -0.23221326 0.6501863
0.9974911 0.8225744 0.07589674 -0.85411465 -0.6329715 0.7965715 0.76709616 0.0929966 -0.6860714 -0.061238766 -0.5147519 0.60324776 -0.9590776 -0.4104159 -0.10710871 0.6032667 -0.431957 -0.42129946 0.16967988 0.117688656 0.38755596 -0.27100205 -0.5863646 -0.023306608 -0.23221326 0.6501863
0.25191247 0.8225744 0.07589674 -0.85411465 -0.6192473 0.7965715 0.07781434 0.0929966 -0.044086933 -0.061238766 -0.5147519 0.60324776 -0.9590776 -0.4104159 -0.10710871 0.6032667 0.17283833 -0.42129946 0.16967988 0.117688656 0.38755596 -0.27100205 -0.22246861 -0.023306608 0.07315254 0.6501863
0.25191247 0.8225744 0.10755217 -0.85411465 -0.6192473 0.20190704 0.07781434 0.0929966 -0.044086933 -0.061238766 -0.5147519 0.60324776 -0.9590776 -0.4104159 -0.10710871 0.39680576 0.17283833 -0.42129946 0.16967988 0.9636693 0.38755596 -0.27100205 -0.22246861 -0.023306608 0.07315254 0.6501863
0.25191247 0.8225744 0.07589674 -0.85411465 -0.6192473 0.7965715 0.07781434 0.0929966 -0.044086933 -0.061238766 -0.5147519 0.60324776 -0.9590776 -0.4104159 -0.10710871 0.6032667 0.17283833 -0.42129946 0.16967988 0.117688656 0.38755596 -0.27100205 -0.22246861 -0.023306608 0.07315254 0.6501863
0.25191247 0.8225744 0.07589674 -0.85411465 -0.6192473 0.7965715 0.07781434 0.0929966 -0.044086933 -0.061238766 -0.5147519 0.60324776 -0.9590776 -0.4104159 -0.10710871 0.6032667 0.17283833 -0.42129946 0.16967988 0.117688656 0.38755596 -0.27100205 -0.22246861 -0.023306608 0.07315254 0.6501863
0.25191247 0.8225744 0.07589674 -0.85411465 -0.6192473 0.7965715 0.07781434 0.0929966 -0.044086933 -0.061238766 -0.5147519 0.60324776 -0.9590776 -0.4104159 -0.10710871 0.6032667 0.17283833 -0.42129946 0.16967988 0.117688656 0.38755596 -0.27100205 -0.22246861 -0.023306608 0.07315254 0.6501863
0.25191247 0.8225744 0.07589674 -0.85411465 -0.6192473 0.7965715 0.07781434 0.0929966 -0.044086933 -0.061238766 -0.5147519 0.60324776 -0.9590776 -0.4104159 -0.10710871 0.6032667 0.17283833 -0.42129946 0.16967988 0.117688656 0.38755596 -0.27100205 -0.22246861 -0.023306608 0.07315254 0.6501863
0.25191247 0.8225744 0.07589674 -0.85411465 -0.6192473 0.7965715 0.07781434 0.0929966 -0.044086933 -0.061238766 -0.5147519 0.60324776 -0.9590776 -0.4104159 -0.10710871 0.6032667 0.17283833 -0.42129946 0.16967988 0.117688656 0.38755596 -0.27100205 -0.22246861 -0.023306608 0.07315254 0.6501863
0.25191247 0.8225744 0.07589674 -0.85411465 -0.6192473 0.7965715 0.07781434 0.0929966 -0.044086933 -0.061238766 -0.5147519 0.60324776 -0.9590776 -0.4104159 -0.10710871 0.6032667 0.17283833 -0.42129946 0.16967988 0.117688656 0.38755596 -0.27100205 -0.22246861 -0.023306608 0.07315254 0.6501863
0.25191247 0.8225744 0.07589674 -0.85411465 -0.6192473 0.20190704 0.07781434 0.0929966 -0.044086933 -0.061238766 -0.5147519 0.60324776 -0.9590776 -0.4104159 -0.10710871 0.6032667 0.17283833 -0.42129946 0.16967988 0.117688656 0.38755596 -0.27100205 -0.22246861 -0.023306608 0.07315254 0.6501863
0.25191247 0.8225744 0.07589674 -0.85411465 -0.6192473 0.7965715 0.07781434 0.0929966 -0.044086933 -0.061238766 -0.5147519 0.60324776 -0.9590776 -0.4104159 -0.10710871 0.6032667 0.17283833 -0.42129946 0.16967988 0.117688656 0.38755596 -0.27100205 -0.22246861 -0.023306608 0.07315254 0.6501863
0.25191247 0.8225744 0.07589674 -0.85411465 -0.6192473 0.7965715 0.07781434 0.0929966 -0.044086933 -0.061238766 -0.5147519 0.60324776 -0.9590776 -0.4104159 -0.10710871 0.6032667 0.17283833 -0.42129946 0.16967988 0.117688656 0.38755596 -0.27100205 -0.22246861 -0.023306608 0.07315254 0.6501863
0.25191247 0.8225744 0.07589674 -0.85411465 -0.6192473 0.20190704 0.07781434 0.0929966 -0.044086933 -0.061238766 -0.5147519 0.60324776 -0.9590776 -0.4104159 -0.10710871 0.6032667 0.17283833 -0.42129946 0.16967988 0.117688656 0.38755596 -0.27100205 -0.22246861 -0.023306608 0.07315254 0.6501863
0.25191247 0.22412217 0.07589674 -0.85411465 -0.6192473 0.7965715 0.07781434 0.0929966 -0.044086933 -0.061238766 -0.5147519 0.60324776 -0.9590776 -0.4104159 -0.10710871 0.6032667 0.17283833 -0.42129946 0.16967988 0.117688656 0.38755596 -0.27100205 -0.22246861 -0.023306608 0.07315254 0.6501863
0.25191247 0.8225744 0.07589674 -0.85411465 -0.6192473 0.20190704 0.07781434 0.0929966 -0.044086933 -0.061238766 -0.5147519 0.60324776 -0.9590776 -0.4104159 -0.10710871 0.6032667 0.17283833 -0.42129946 0.16967988 0.117688656 0.38755596 -0.27100205 -0.22246861 -0.023306608 0.07315254 0.6501863
0.25191247 0.8225744 0.07589674 -0.85411465 -0.6192473 0.20190704 0.07781434 0.0929966 -0.044086933 -0.061238766 -0.5147519 0.60324776 -0.9590776 -0.4104159 -0.10710871 0.6032667 0.17283833 -0.42129946 0.16967988 0.117688656 0.38755596 -0.27100205 -0.22246861 -0.023306608 0.07315254 0.6501863
0.25191247 0.8225744 0.07589674 -0.85411465 -0.6192473 0.20190704 0.07781434 0.0929966 -0.044086933 -0.061238766 -0.5147519 0.60324776 -0.9590776 -0.4104159 -0.10710871 0.6032667 0.17283833 -0.42129946 0.16967988 0.117688656 0.38755596 -0.27100205 -0.22246861 -0.023306608 0.07315254 0.6501863
0.25191247 0.8225744 0.07589674 -0.85411465 -0.6192473 0.20190704 0.07781434 0.0929966 -0.044086933 -0.061238766 -0.5147519 0.60324776 -0.9590776 -0.4104159 -0.10710871 0.6032667 0.17283833 -0.42129946 0.16967988 0.117688656 0.38755596 -0.27100205 -0.22246861 -0.023306608 0.07315254 0.6501863
0.25191247 0.8225744 0.07589674 -0.85411465 -0.6192473 0.20190704 0.07781434 0.0929966 -0.044086933 -0.061238766 -0.5147519 0.60324776 -0.9590776 -0.4104159 -0.10710871 0.6032667 0.17283833 -0.42129946 0.16967988 0.117688656 0.38755596 -0.27100205 -0.22246861 -0.023306608 0.07315254 0.6501863
0.25191247 0.8225744 0.07589674 -0.85411465 -0.6192473 0.20190704 0.07781434 0.0929966 -0.044086933 -0.061238766 -0.5147519 0.60324776 -0.9590776 -0.4104159 -0.10710871 0.6032667 0.17283833 -0.42129946 0.16967988 0.117688656 0.38755596 -0.27100205 -0.22246861 -0.023306608 0.07315254 0.6501863
0.25191247 0.8225744 0.07589674 -0.85411465 -0.6192473 0.20190704 0.07781434 0.0929966 -0.044086933 -0.061238766 -0.5147519 0.60324776 -0.9590776 -0.4104159 -0.10710871 0.6032667 0.17283833 -0.42129946 0.16967988 0.117688656 0.38755596 -0.27100205 -0.22246861 -0.023306608 0.07315254 0.6501863
0.25191247 0.8225744 0.07589674 -0.85411465 -0.6192473 0.20190704 0.07781434 0.0929966 -0.044086933 -0.061238766 -0.5147519 0.60324776 -0.9590776 -0.4104159 -0.10710871 0.6032667 0.17283833 -0.42129946 0.16967988 0.117688656 0.38755596 -0.27100205 -0.22246861 -0.023306608 0.07315254 0.6501863
0.25191247 0.8225744 0.07589674 -0.85411465 -0.6192473 0.20190704 0.07781434 0.0929966 -0.044086933 -0.061238766 -0.5147519 0.60324776 -0.9590776 -0.4104159 -0.10710871 0.6032667 0.17283833 -0.42129946 0.16967988 0.117688656 0.38755596 -0.27100205 -0.22246861 -0.023306608 0.07315254 0.6501863
0.25191247 0.8225744 0.07589674 -0.85411465 -0.6192473 0.7965715 0.07781434 0.0929966 -0.044086933 -0.061238766 -0.5147519 0.60324776 -0.9590776 -0.4104159 -0.10710871 0.6032667 0.17283833 -0.42129946 0.16967988 0.117688656 0.38755596 -0.27100205 -0.22246861 -0.023306608 0.07315254 0.6501863
0.25191247 0.8225744 0.07589674 -0.85411465 -0.6192473 0.20190704 0.07781434 0.0929966 -0.044086933 -0.061238766 -0.5147519 0.60324776 -0.9590776 -0.4104159 -0.10710871 0.6032667 0.17283833 -0.42129946 0.16967988 0.117688656 0.38755596 -0.27100205 -0.22246861 -0.023306608 0.07315254 0.6501863
0.25191247 0.8225744 0.07589674 -0.85411465 -0.6192473 0.20190704 0.07781434 0.0929966 -0.044086933 -0.061238766 -0.5147519 0.60324776 -0.9590776 -0.4104159 -0.10710871 0.6032667 0.17283833 -0.42129946 0.16967988 0.117688656 0.38755596 -0.27100205 -0.22246861 -0.023306608 0.07315254 0.6501863
0.25191247 0.8225744 0.07589674 -0.85411465 -0.6192473 0.7965715 0.07781434 0.0929966 -0.044086933 -0.061238766 -0.5147519 0.60324776 -0.9590776 -0.4104159 -0.10710871 0.6032667 0.17283833 -0.42129946 0.16967988 0.117688656 0.38755596 -0.27100205 -0.22246861 -0.023306608 0.07315254 0.6501863
0.25191247 0.8225744 0.07589674 -0.85411465 -0.6192473 0.20190704 0.07781434 0.0929966 -0.044086933 -0.061238766 -0.5147519 0.60324776 -0.9590776 -0.4104159 -0.10710871 0.6032667 0.17283833 -0.42129946 0.16967988 0.117688656 0.38755596 -0.27100205 -0.22246861 -0.023306608 0.07315254 0.6501863
0.25191247 0.8225744 0.07589674 -0.85411465 -0.6192473 0.7965715 0.07781434 0.0929966 -0.044086933 -0.061238766 -0.5147519 0.60324776 -0.9590776 -0.4104159 -0.10710871 0.6032667 0.17283833 -0.42129946 0.16967988 0.117688656 0.38755596 -0.27100205 -0.22246861 -0.023306608 0.07315254 0.6501863
0.25191247 0.8225744 0.07589674 -0.85411465 -0.6192473 0.20190704 0.07781434 0.0929966 -0.044086933 -0.061238766 -0.5147519 0.60324776 -0.9590776 -0.4104159 -0.10710871 0.6032667 0.17283833 -0.42129946 0.16967988 0.117688656 0.38755596 -0.27100205 -0.22246861 -0.023306608 0.07315254 0.6501863
0.25191247 0.8225744 0.07589674 -0.85411465 -0.6192473 0.20190704 0.07781434 0.0929966 -0.044086933 -0.061238766 -0.5147519 0.60324776 -0.9590776 -0.4104159 -0.10710871 0.6032667 0.17283833 -0.42129946 0.16967988 0.117688656 0.38755596 -0.27100205 -0.22246861 -0.023306608 0.07315254 0.6501863
0.25191247 0.8225744 0.07589674 -0.85411465 -0.6192473 0.20190704 0.07781434 0.0929966 -0.044086933 -0.061238766 -0.5147519 0.60324776 -0.9590776 -0.4104159 -0.10710871 0.6032667 0.17283833 -0.42129946 0.16967988 0.117688656 0.38755596 -0.27100205 -0.22246861 -0.023306608 0.07315254 0.6501863
0.25191247 0.8225744 0.07589674 -0.85411465 -0.6192473 0.7965715 0.07781434 0.0929966 -0.044086933 -0.061238766 -0.5147519 0.60324776 -0.9590776 -0.4104159 -0.10710871 0.6032667 0.17283833 -0.42129946 0.16967988 0.117688656 0.38755596 -0.27100205 -0.22246861 -0.023306608 0.07315254 0.6501863
0.25191247 0.8225744 0.07589674 -0.85411465 -0.6192473 0.7965715 0.07781434 0.0929966 -0.044086933 -0.061238766 -0.5147519 0.60324776 -0.9590776 -0.4104159 -0.10710871 0.6032667 0.17283833 -0.42129946 0.16967988 0.117688656 0.38755596 -0.27100205 -0.22246861 -0.023306608 0.07315254 0.6501863
0.25191247 0.8225744 0.07589674 -0.85411465 -0.6192473 0.20190704 0.07781434 0.0929966 -0.044086933 -0.061238766 -0.5147519 0.60324776 -0.9590776 -0.4104159 -0.10710871 0.6032667 0.17283833 -0.42129946 0.16967988 0.117688656 0.38755596 -0.27100205 -0.22246861 -0.023306608 0.07315254 0.6501863
0.25191247 0.8225744 0.07589674 -0.85411465 -0.6192473 0.7965715 0.07781434 0.0929966 -0.044086933 -0.061238766 -0.5147519 0.60324776 -0.9590776 -0.4104159 -0.10710871 0.6032667 0.17283833 -0.42129946 0.16967988 0.117688656 0.38755596 -0.6548275 -0.22246861 -0.023306608 0.07315254 0.6501863
0.25191247 0.8225744 0.07589674 -0.85411465 -0.6192473 0.7965715 0.07781434 0.0929966 -0.044086933 -0.061238766 -0.5147519 0.60324776 -0.9590776 -0.4104159 -0.10710871 0.6032667 0.17283833 -0.42129946 0.16967988 0.117688656 0.38755596 -0.6548275 -0.22246861 -0.023306608 0.07315254 0.6501863
0.25191247 0.8225744 0.07589674 -0.85411465 -0.6192473 0.7965715 0.07781434 0.0929966 -0.044086933 -0.061238766 -0.5147519 0.60324776 -0.9590776 -0.4104159 -0.10710871 0.6032667 0.17283833 -0.42129946 0.16967988 0.117688656 0.38755596 -0.6548275 -0.22246861 -0.023306608 0.07315254 0.6501863
0.25191247 0.8225744 0.07589674 -0.85411465 -0.6192473 0.20190704 0.07781434 0.0929966 -0.044086933 -0.061238766 -0.5147519 0.60324776 -0.9590776 -0.4104159 -0.10710871 0.6032667 0.17283833 -0.42129946 0.16967988 0.117688656 0.38755596 -0.27100205 -0.22246861 -0.023306608 0.07315254 0.6501863
0.25191247 0.8225744 0.07589674 -0.85411465 -0.6192473 0.20190704 0.07781434 0.0929966 -0.044086933 -0.061238766 -0.5147519 0.60324776 -0.9590776 -0.4104159 -0.10710871 0.6032667 0.17283833 -0.42129946 0.16967988 0.117688656 0.38755596 -0.27100205 -0.22246861 -0.023306608 0.07315254 0.6501863
0.25191247 0.8225744 0.07589674 -0.85411465 -0.6192473 0.7965715 0.07781434 0.0929966 -0.044086933 -0.061238766 -0.5147519 0.60324776 -0.9590776 -0.4104159 -0.10710871 0.6032667 0.17283833 -0.42129946 0.16967988 0.117688656 0.38755596 -0.6548275 -0.22246861 -0.023306608 0.07315254 0.6501863
0.25191247 0.8225744 0.07589674 -0.85411465 -0.6192473 0.7965715 0.07781434 0.0929966 -0.044086933 -0.061238766 -0.5147519 0.60324776 -0.9590776 -0.4104159 -0.10710871 0.6032667 0.17283833 -0.42129946 0.16967988 0.117688656 0.38755596 -0.27100205 -0.22246861 -0.023306608 0.07315254 0.6501863
0.25191247 0.8225744 0.07589674 -0.85411465 -0.6192473 0.7965715 0.07781434 0.0929966 -0.044086933 -0.061238766 -0.5147519 0.60324776 -0.9590776 -0.4104159 -0.10710871 0.6032667 0.17283833 -0.42129946 0.16967988 0.117688656 0.38755596 -0.6548275 -0.22246861 -0.023306608 0.07315254 0.6501863
0.25191247 0.8225744 0.07589674 -0.85411465 -0.6192473 0.7965715 0.07781434 0.0929966 -0.044086933 -0.061238766 -0.5147519 0.60324776 -0.9590776 -0.4104159 -0.10710871 0.6032667 0.17283833 -0.42129946 0.16967988 0.117688656 0.38755596 -0.27100205 -0.22246861 -0.023306608 0.07315254 0.6501863
0.25191247 0.8225744 0.07589674 -0.85411465 -0.6192473 0.7965715 0.07781434 0.0929966 -0.044086933 -0.061238766 -0.5147519 0.60324776 -0.9590776 -0.4104159 -0.10710871 0.6032667 0.17283833 -0.42129946 0.16967988 0.117688656 0.38755596 -0.6548275 -0.22246861 -0.023306608 0.07315254 0.6501863
0.25191247 0.8225744 0.07589674 -0.85411465 -0.6192473 0.7965715 0.07781434 0.0929966 -0.044086933 -0.061238766 -0.5147519 0.60324776 -0.9590776 -0.4104159 -0.10710871 0.6032667 0.17283833 -0.42129946 0.16967988 0.117688656 0.38755596 -0.6548275 -0.22246861 -0.023306608 0.07315254 0.6501863
0.25191247 0.8225744 0.07589674 -0.85411465 -0.6192473 0.7965715 0.07781434 0.0929966 -0.044086933 -0.061238766 -0.5147519 0.60324776 -0.9590776 -0.4104159 -0.10710871 0.6032667 0.17283833 -0.42129946 0.16967988 0.117688656 0.38755596 -0.6548275 -0.22246861 -0.023306608 0.07315254 0.6501863
0.25191247 0.8225744 0.07589674 -0.85411465 -0.6192473 0.7965715 0.07781434 0.0929966 -0.044086933 -0.061238766 -0.5147519 0.60324776 -0.9590776 -0.4104159 -0.81064737 0.6032667 0.17283833 -0.42129946 0.16967988 0.117688656 0.38755596 -0.6548275 -0.22246861 -0.023306608 0.07315254 0.6501863
0.25191247 0.8225744 0.07589674 -0.85411465 -0.6192473 0.7965715 0.07781434 0.0929966 -0.044086933 -0.061238766 -0.5147519 0.60324776 -0.9590776 -0.4104159 -0.10710871 0.6032667 0.17283833 -0.42129946 0.16967988 0.117688656 0.38755596 -0.6548275 -0.22246861 -0.023306608 0.07315254 0.6501863
0.25191247 0.8225744 0.07589674 -0.85411465 -0.6369548 0.7965715 0.07781434 0.0929966 -0.044086933 -0.061238766 -0.5147519 0.60324776 -0.9590776 -0.4104159 -0.10710871 0.6032667 0.17283833 -0.42129946 0.16967988 0.117688656 0.38755596 -0.6548275 -0.22246861 -0.023306608 0.07315254 0.6501863
0.25191247 0.8225744 0.07589674 -0.85411465 -0.6192473 0.7965715 0.07781434 0.0929966 -0.044086933 -0.061238766 -0.5147519 0.60324776 -0.9590776 -0.4104159 -0.10710871 0.6032667 0.17283833 -0.42129946 0.16967988 0.117688656 0.38755596 -0.6548275 -0.22246861 -0.023306608 0.07315254 0.6501863
0.25191247 0.8225744 0.07589674 -0.85411465 -0.6192473 0.7965715 0.07781434 0.0929966 -0.044086933 -0.061238766 -0.5147519 0.60324776 -0.9590776 -0.4104159 -0.10710871 0.6032667 0.17283833 -0.42129946 0.16967988 0.117688656 0.38755596 -0.6548275 -0.22246861 -0.023306608 0.07315254 0.6501863
0.25191247 0.8225744 0.07589674 -0.85411465 -0.6192473 0.7965715 0.07781434 0.0929966 -0.044086933 -0.061238766 -0.5147519 0.60324776 -0.9590776 -0.4104159 -0.10710871 0.6032667 0.17283833 -0.42129946 0.16967988 0.117688656 0.38755596 -0.6548275 -0.22246861 -0.023306608 0.07315254 0.6501863
0.25191247 0.8225744 0.07589674 -0.85411465 -0.6192473 0.7965715 0.07781434 0.0929966 -0.044086933 -0.061238766 -0.5147519 0.60324776 -0.9590776 -0.4104159 -0.10710871 0.6032667 0.17283833 -0.42129946 0.16967988 0.117688656 0.38755596 -0.6548275 -0.22246861 -0.023306608 0.07315254 0.6501863
0.25191247 0.8225744 0.07589674 -0.85411465 -0.6192473 0.7965715 0.07781434 0.0929966 -0.044086933 -0.061238766 -0.5147519 0.60324776 -0.9590776 -0.4104159 -0.10710871 0.6032667 0.17283833 -0.42129946 0.16967988 0.117688656 0.38755596 -0.6548275 -0.22246861 -0.023306608 0.07315254 0.6501863
0.25191247 0.8225744 0.07589674 -0.85411465 -0.6192473 0.7965715 0.07781434 0.0929966 -0.044086933 -0.061238766 -0.5147519 0.60324776 -0.9590776 -0.4104159 -0.10710871 0.6032667 0.17283833 -0.42129946 0.16967988 0.117688656 0.38755596 -0.6548275 -0.22246861 -0.023306608 0.07315254 0.6501863
0.25191247 0.8225744 0.07589674 -0.85411465 -0.6192473 0.7965715 0.07781434 0.0929966 -0.044086933 -0.061238766 -0.5147519 0.60324776 -0.9590776 -0.4104159 -0.10710871 0.6032667 0.17283833 -0.42129946 0.16967988 0.117688656 0.38755596 -0.6548275 -0.22246861 -0.023306608 0.07315254 0.6501863
0.25191247 0.8225744 0.07589674 -0.85411465 -0.6192473 0.7965715 0.07781434 0.0929966 -0.044086933 -0.061238766 -0.5147519 0.60324776 -0.9590776 -0.4104159 -0.10710871 0.6032667 0.17283833 -0.42129946 0.16967988 0.117688656 0.38755596 -0.6548275 -0.22246861 -0.023306608 0.07315254 0.6501863
0.25191247 0.8225744 0.07589674 -0.85411465 -0.6192473 0.7965715 0.07781434 0.0929966 -0.044086933 -0.061238766 -0.5147519 0.60324776 -0.9590776 -0.4104159 -0.10710871 0.6032667 0.17283833 -0.42129946 0.16967988 0.117688656 0.38755596 -0.6548275 -0.22246861 -0.023306608 0.07315254 0.6501863
0.25191247 0.8225744 0.07589674 -0.85411465 -0.6192473 0.7965715 0.07781434 0.0929966 -0.044086933 -0.061238766 -0.5147519 0.60324776 -0.9590776 -0.4104159 -0.10710871 0.6032667 0.17283833 -0.42129946 0.16967988 0.117688656 0.38755596 -0.6548275 -0.22246861 -0.023306608 0.07315254 0.6501863
0.25191247 0.8225744 0.07589674 -0.85411465 -0.6192473 0.7965715 0.07781434 0.0929966 -0.044086933 -0.061238766 -0.5147519 0.60324776 -0.9590776 -0.4104159 -0.10710871 0.6032667 0.17283833 -0.42129946 0.16967988 0.117688656 0.38755596 -0.6548275 -0.22246861 -0.023306608 0.07315254 0.6501863
0.25191247 0.8225744 0.07589674 -0.85411465 -0.6192473 0.7965715 0.07781434 0.0929966 -0.044086933 -0.061238766 -0.5147519 0.60324776 -0.9590776 -0.4104159 -0.10710871 0.6032667 0.17283833 -0.42129946 0.16967988 0.117688656 0.38755596 -0.6548275 -0.22246861 -0.023306608 0.07315254 0.6501863
0.25191247 0.8225744 0.07589674 -0.85411465 -0.6192473 0.09790051 0.07781434 0.0929966 -0.044086933 -0.061238766 -0.28205335 0.60324776 -0.9590776 -0.4104159 -0.10710871 0.6032667 0.17283833 -0.42129946 -0.9387293 0.117688656 0.900067 -0.6548275 -0.22246861 -0.023306608 0.07315254 0.6501863
0.25191247 0.8225744 0.07589674 -0.85411465 -0.6192473 0.7965715 0.07781434 0.0929966 -0.044086933 -0.061238766 -0.5147519 0.60324776 -0.9590776 -0.4104159 -0.10710871 0.6032667 0.17283833 -0.42129946 0.16967988 0.117688656 0.38755596 -0.6548275 -0.22246861 -0.023306608 0.07315254 0.6501863
0.25191247 0.8225744 0.07589674 -0.85411465 -0.6192473 0.09790051 0.07781434 0.0929966 -0.044086933 -0.061238766 -0.5147519 0.60324776 -0.9590776 -0.4104159 -0.10710871 0.6032667 0.17283833 -0.42129946 0.16967988 0.117688656 0.38755596 -0.6548275 -0.22246861 -0.023306608 0.07315254 0.6501863
0.25191247 0.8225744 0.07589674 -0.85411465 -0.6192473 0.7965715 0.07781434 0.0929966 -0.044086933 -0.061238766 -0.5147519 0.60324776 -0.9590776 -0.4104159 -0.10710871 0.6032667 0.17283833 -0.42129946 0.16967988 0.117688656 0.38755596 -0.6548275 -0.22246861 -0.023306608 0.07315254 0.6501863
0.25191247 0.8225744 0.07589674 -0.85411465 -0.6192473 0.09790051 0.07781434 0.0929966 -0.044086933 -0.061238766 -0.28205335 0.60324776 -0.9590776 -0.4104159 -0.10710871 0.6032667 0.17283833 -0.42129946 -0.9387293 0.117688656 0.900067 -0.6548275 -0.22246861 -0.023306608 0.07315254 0.6501863
0.25191247 0.8225744 0.07589674 -0.85411465 -0.6192473 0.7965715 0.07781434 0.0929966 -0.044086933 -0.061238766 -0.5147519 0.60324776 -0.9590776 -0.4104159 -0.10710871 0.6032667 0.17283833 -0.42129946 0.16967988 0.117688656 0.38755596 -0.6548275 -0.22246861 -0.023306608 0.07315254 0.6501863
0.25191247 0.8225744 0.07589674 -0.85411465 -0.6192473 0.09790051 0.07781434 0.0929966 -0.044086933 -0.061238766 -0.5147519 0.60324776 -0.9590776 -0.4104159 -0.10710871 0.6032667 0.17283833 -0.42129946 0.16967988 0.117688656 0.38755596 -0.6548275 -0.22246861 -0.023306608 0.07315254 0.6501863
0.25191247 0.8225744 0.07589674 -0.85411465 -0.6192473 0.7965715 0.07781434 0.0929966 -0.044086933 -0.061238766 -0.5147519 0.60324776 -0.9590776 -0.4104159 -0.10710871 0.6032667 0.17283833 -0.42129946 0.16967988 0.117688656 0.38755596 -0.6548275 -0.22246861 -0.023306608 0.07315254 0.6501863
0.25191247 0.8225744 0.07589674 -0.85411465 -0.6192473 0.7965715 0.07781434 0.0929966 -0.044086933 -0.061238766 -0.5147519 0.60324776 -0.9590776 -0.4104159 -0.10710871 0.6032667 0.17283833 -0.42129946 0.16967988 0.117688656 0.38755596 -0.6548275 -0.22246861 -0.023306608 0.07315254 0.6501863
0.25191247 0.8225744 0.07589674 -0.85411465 -0.6192473 0.7965715 0.07781434 0.0929966 -0.044086933 -0.061238766 -0.5147519 0.60324776 -0.9590776 -0.4104159 -0.10710871 0.6032667 0.17283833 -0.42129946 0.16967988 0.117688656 0.38755596 -0.6548275 -0.22246861 -0.023306608 0.07315254 0.6501863
0.25191247 0.8225744 0.07589674 -0.85411465 -0.6192473 0.7965715 0.07781434 0.0929966 -0.044086933 -0.061238766 -0.5147519 0.60324776 -0.9590776 -0.4104159 -0.10710871 0.6032667 0.17283833 -0.42129946 0.16967988 0.117688656 0.38755596 -0.6548275 -0.22246861 -0.023306608 0.07315254 0.6501863
0.25191247 0.8225744 0.07589674 -0.85411465 -0.6192473 0.7965715 0.07781434 0.0929966 -0.044086933 -0.061238766 -0.5147519 0.60324776 -0.9590776 -0.4104159 -0.10710871 0.6032667 0.17283833 -0.42129946 0.16967988 0.117688656 0.38755596 -0.6548275 -0.22246861 -0.023306608 0.07315254 0.6501863
0.25191247 0.8225744 0.07589674 -0.85411465 -0.6192473 0.7965715 0.07781434 0.0929966 -0.044086933 -0.061238766 -0.5147519 0.60324776 -0.9590776 -0.4104159 -0.10710871 0.6032667 0.17283833 -0.42129946 0.16967988 0.117688656 0.38755596 -0.6548275 -0.22246861 -0.023306608 0.07315254 0.6501863
0.25191247 0.8225744 0.07589674 -0.85411465 -0.6192473 0.09790051 0.07781434 0.0929966 -0.044086933 -0.061238766 -0.5147519 0.60324776 -0.9590776 -0.4104159 -0.10710871 0.6032667 0.17283833 -0.42129946 0.16967988 0.117688656 0.38755596 -0.6548275 -0.22246861 -0.023306608 0.07315254 0.6501863
0.25191247 0.8225744 0.07589674 -0.85411465 -0.6192473 0.7965715 0.07781434 0.0929966 -0.044086933 -0.061238766 -0.5147519 0.60324776 -0.9590776 -0.4104159 -0.10710871 0.6032667 0.17283833 -0.42129946 0.16967988 0.117688656 0.38755596 -0.6548275 -0.22246861 -0.023306608 0.07315254 0.6501863
0.25191247 0.8225744 0.07589674 -0.85411465 -0.6192473 0.7965715 0.07781434 0.0929966 -0.044086933 -0.061238766 -0.5147519 0.60324776 -0.9590776 -0.4104159 -0.10710871 0.6032667 0.17283833 -0.42129946 0.16967988 0.117688656 0.38755596 -0.6548275 -0.22246861 -0.023306608 0.07315254 0.6501863
0.25191247 0.8225744 0.07589674 -0.85411465 -0.6192473 0.7965715 0.07781434 0.0929966 -0.044086933 -0.061238766 -0.5147519 0.60324776 -0.9590776 -0.4104159 -0.10710871 0.6032667 0.17283833 -0.42129946 0.16967988 0.117688656 0.38755596 -0.6548275 -0.22246861 -0.023306608 0.07315254 0.6501863
0.25191247 0.8225744 0.07589674 -0.85411465 -0.6192473 0.7965715 0.07781434 0.0929966 -0.044086933 -0.061238766 -0.5147519 0.60324776 -0.9590776 -0.4104159 -0.10710871 0.6032667 0.17283833 -0.42129946 0.16967988 0.117688656 0.38755596 -0.6548275 -0.22246861 -0.023306608 0.07315254 0.6501863
0.25191247 0.8225744 0.07589674 -0.85411465 -0.6192473 0.7965715 0.07781434 0.0929966 -0.044086933 -0.061238766 -0.5147519 0.60324776 -0.9590776 -0.4104159 -0.10710871 0.6032667 0.17283833 -0.42129946 0.16967988 0.117688656 0.38755596 -0.6548275 -0.22246861 -0.023306608 0.07315254 0.6501863
0.25191247 0.8225744 0.07589674 -0.85411465 -0.6192473 0.7965715 0.07781434 0.0929966 -0.044086933 -0.061238766 -0.5147519 0.60324776 -0.9590776 -0.4104159 -0.10710871 0.6032667 0.17283833 -0.42129946 0.16967988 0.117688656 0.38755596 -0.6548275 -0.22246861 -0.023306608 0.07315254 0.6501863
0.25191247 0.8225744 0.07589674 -0.85411465 -0.6192473 0.7965715 0.07781434 0.0929966 -0.044086933 -0.061238766 -0.5147519 0.60324776 -0.9590776 -0.4104159 -0.10710871 0.6032667 0.17283833 -0.42129946 0.16967988 0.117688656 0.38755596 -0.6548275 -0.22246861 -0.023306608 0.07315254 0.6501863
0.25191247 0.8225744 0.07589674 -0.85411465 -0.6192473 0.7965715 0.07781434 0.0929966 -0.044086933 -0.061238766 -0.5147519 0.60324776 -0.9590776 -0.4104159 -0.10710871 0.6032667 0.17283833 -0.42129946 0.16967988 0.117688656 0.38755596 -0.6548275 -0.22246861 -0.023306608 0.07315254 0.6501863
0.25191247 0.8225744 0.07589674 -0.85411465 -0.6192473 0.7965715 0.07781434 0.0929966 -0.44088113 -0.061238766 -0.5147519 0.60324776 -0.9590776 -0.4104159 -0.10710871 0.6032667 0.17283833 -0.42129946 0.16967988 0.117688656 0.38755596 -0.6548275 -0.22246861 -0.023306608 0.07315254 0.6501863
0.25191247 0.8225744 0.07589674 -0.85411465 -0.6192473 0.7965715 0.07781434 0.0929966 -0.044086933 -0.061238766 -0.5147519 0.60324776 -0.9590776 -0.4104159 -0.10710871 0.6032667 0.17283833 -0.42129946 0.16967988 0.117688656 0.38755596 -0.6548275 -0.22246861 -0.023306608 0.07315254 0.6501863
0.25191247 0.8225744 0.07589674 -0.85411465 -0.6192473 0.7965715 0.07781434 0.0929966 -0.044086933 -0.061238766 -0.5147519 0.60324776 -0.9590776 -0.4104159 -0.10710871 0.6032667 0.17283833 -0.42129946 0.16967988 0.117688656 0.38755596 -0.6548275 -0.22246861 -0.023306608 0.07315254 0.6501863
0.25191247 0.8225744 0.07589674 -0.85411465 -0.6192473 0.7965715 0.07781434 0.0929966 -0.044086933 -0.061238766 -0.5147519 0.60324776 -0.9590776 -0.4104159 -0.10710871 0.6032667 0.17283833 -0.42129946 0.16967988 0.117688656 0.38755596 -0.6548275 -0.22246861 -0.023306608 0.07315254 0.6501863
0.25191247 0.8225744 0.07589674 -0.85411465 -0.6192473 0.7965715 0.07781434 0.0929966 -0.044086933 -0.061238766 -0.5147519 0.60324776 -0.9590776 -0.4104159 -0.10710871 0.6032667 0.17283833 -0.42129946 0.16967988 0.117688656 0.38755596 -0.6548275 -0.22246861 -0.023306608 0.07315254 0.6501863
0.25191247 0.8225744 0.07589674 -0.85411465 -0.6192473 0.7965715 0.07781434 0.0929966 -0.044086933 -0.061238766 -0.5147519 0.60324776 -0.9590776 -0.4104159 -0.10710871 0.6032667 0.17283833 -0.42129946 0.16967988 0.117688656 0.38755596 -0.6548275 -0.22246861 -0.023306608 0.07315254 0.6501863
0.25191247 0.8225744 0.07589674 -0.85411465 -0.6192473 0.7965715 0.07781434 0.0929966 -0.044086933 -0.061238766 -0.5147519 0.60324776 -0.9590776 -0.4104159 -0.10710871 0.6032667 0.17283833 -0.42129946 0.16967988 0.117688656 0.38755596 -0.6548275 -0.22246861 -0.023306608 0.07315254 0.6501863
0.25191247 0.8225744 0.07589674 -0.85411465 -0.6192473 -0.11960542 0.07781434 0.0929966 -0.044086933 -0.061238766 -0.5147519 0.60324776 -0.9590776 -0.4104159 -0.10710871 0.6091212 0.17283833 -0.42129946 0.16967988 0.117688656 0.38755596 -0.6548275 -0.22246861 -0.023306608 0.07315254 0.67239153
0.25191247 0.8225744 0.07589674 -0.85411465 -0.6192473 0.7965715 0.07781434 0.0929966 -0.044086933 -0.061238766 -0.5147519 0.60324776 -0.9590776 -0.4104159 -0.10710871 0.6032667 0.17283833 -0.42129946 0.16967988 0.117688656 0.38755596 -0.6548275 -0.22246861 -0.023306608 0.07315254 0.6501863
0.25191247 0.8225744 0.07589674 -0.85411465 -0.6192473 -0.11960542 0.07781434 0.0929966 -0.044086933 -0.061238766 -0.5147519 0.60324776 -0.9590776 -0.4104159 -0.10710871 0.6091212 0.17283833 -0.42129946 0.16967988 0.117688656 0.38755596 -0.6548275 -0.22246861 -0.023306608 0.07315254 0.67239153
0.25191247 0.8225744 0.07589674 -0.85411465 -0.6192473 0.7965715 0.07781434 0.0929966 -0.044086933 -0.061238766 -0.5147519 0.60324776 -0.9590776 -0.4104159 -0.10710871 0.6032667 0.17283833 -0.42129946 0.16967988 0.117688656 0.38755596 -0.6548275 -0.22246861 -0.023306608 0.07315254 0.6501863
0.25191247 0.8225744 0.07589674 -0.85411465 -0.6192473 0.7965715 0.07781434 0.0929966 -0.044086933 -0.061238766 -0.5147519 0.60324776 -0.9590776 -0.4104159 -0.10710871 0.6032667 0.17283833 -0.42129946 0.16967988 0.117688656 0.38755596 -0.6548275 -0.22246861 -0.023306608 0.07315254 0.6501863
0.25191247 0.8225744 0.07589674 -0.85411465 -0.6192473 0.7965715 0.07781434 0.0929966 -0.044086933 -0.061238766 -0.5147519 0.92283344 -0.9590776 -0.07335675 -0.81591964 0.6032667 0.17283833 -0.42129946 0.16967988 0.117688656 0.38755596 -0.6548275 -0.22246861 0.59273875 -0.75096285 0.6501863
0.25191247 0.8225744 0.07589674 -0.85411465 -0.6192473 0.7965715 0.07781434 0.0929966 -0.044086933 -0.061238766 -0.5147519 0.60324776 -0.9590776 -0.4104159 -0.10710871 0.6032667 0.17283833 -0.42129946 0.16967988 0.117688656 0.38755596 -0.6548275 -0.22246861 -0.023306608 0.07315254 0.6501863
0.25191247 0.8225744 0.07589674 -0.85411465 -0.6192473 -0.11960542 0.07781434 0.0929966 -0.044086933 -0.061238766 -0.5147519 0.60324776 -0.9590776 -0.4104159 -0.10710871 0.6091212 0.17283833 -0.42129946 0.16967988 0.117688656 0.38755596 -0.6548275 -0.22246861 -0.023306608 0.07315254 0.67239153
0.25191247 0.8225744 0.07589674 -0.85411465 -0.6192473 -0.11960542 0.07781434 0.0929966 -0.044086933 -0.061238766 -0.5147519 0.60324776 -0.9590776 -0.4104159 -0.10710871 0.6091212 0.17283833 -0.42129946 0.16967988 0.117688656 0.38755596 -0.6548275 -0.22246861 -0.023306608 0.07315254 0.67239153
0.25191247 0.8225744 0.07589674 -0.85411465 -0.6192473 0.7965715 0.07781434 0.16729653 -0.044086933 -0.061238766 -0.5147519 0.60324776 -0.9590776 -0.4104159 -0.10710871 0.6032667 0.17283833 -0.42129946 0.16967988 0.117688656 0.38755596 -0.6548275 -0.22246861 -0.023306608 0.07315254 0.6501863
0.25191247 0.8225744 0.07589674 -0.85411465 -0.6192473 -0.11960542 0.07781434 0.0929966 -0.044086933 -0.061238766 -0.5147519 0.60324776 -0.9590776 -0.4104159 -0.10710871 0.6091212 0.17283833 -0.42129946 0.16967988 0.117688656 0.38755596 -0.6548275 -0.22246861 -0.023306608 0.07315254 0.67239153
0.25191247 0.8225744 0.07589674 -0.85411465 -0.6192473 0.7965715 0.07781434 0.0929966 -0.044086933 -0.061238766 -0.5147519 0.60324776 -0.9590776 -0.4104159 -0.10710871 0.6032667 0.17283833 -0.42129946 0.16967988 0.117688656 0.38755596 -0.6548275 -0.22246861 -0.023306608 0.07315254 0.6501863
0.25191247 0.8225744 0.07589674 -0.85411465 -0.6192473 0.7965715 0.07781434 0.0929966 -0.044086933 -0.061238766 -0.5147519 0.60324776 -0.9590776 -0.4104159 -0.10710871 0.6032667 0.17283833 -0.42129946 0.16967988 0.117688656 0.38755596 -0.6548275 -0.22246861 -0.023306608 0.07315254 0.6501863
0.25191247 0.8225744 0.07589674 -0.85411465 -0.6192473 0.7965715 0.07781434 0.0929966 -0.044086933 -0.061238766 -0.5147519 0.60324776 -0.9590776 -0.4104159 -0.10710871 0.6032667 0.17283833 -0.42129946 0.16967988 0.117688656 0.38755596 -0.6548275 -0.22246861 -0.023306608 0.07315254 0.6501863
0.25191247 0.8225744 0.07589674 -0.85411465 -0.6192473 0.7965715 0.07781434 0.0929966 -0.044086933 -0.061238766 -0.5147519 0.60324776 -0.9590776 -0.4104159 -0.10710871 0.6032667 0.17283833 -0.42129946 0.16967988 0.117688656 0.38755596 -0.6548275 -0.22246861 -0.023306608 0.07315254 0.6501863
0.25191247 0.8225744 0.07589674 -0.85411465 -0.6192473 0.7965715 0.07781434 0.0929966 -0.044086933 -0.061238766 -0.5147519 0.60324776 -0.9590776 -0.4104159 -0.10710871 0.6032667 0.17283833 -0.42129946 0.16967988 0.117688656 0.38755596 -0.6548275 -0.22246861 -0.023306608 0.07315254 0.6501863
0.25191247 0.8225744 0.07589674 -0.85411465 -0.6192473 0.7965715 0.07781434 0.0929966 -0.044086933 -0.061238766 -0.5147519 0.60324776 -0.9590776 -0.4104159 -0.10710871 0.6032667 0.17283833 -0.42129946 0.16967988 0.117688656 0.38755596 -0.6548275 -0.22246861 -0.023306608 0.07315254 0.6501863
0.25191247 0.8225744 0.07589674 -0.85411465 -0.6192473 0.7965715 0.07781434 0.16729653 -0.044086933 -0.061238766 -0.5147519 0.60324776 -0.9590776 -0.4104159 -0.10710871 0.6032667 0.17283833 -0.42129946 0.16967988 0.117688656 0.38755596 -0.6548275 -0.22246861 -0.023306608 0.07315254 0.6501863
0.25191247 0.8225744 0.07589674 -0.85411465 -0.789891 0.7965715 0.07781434 0.0929966 -0.044086933 -0.061238766 -0.5147519 0.60324776 -0.5149505 -0.4104159 -0.10710871 0.6032667 -0.36022544 -0.42129946 0.2568307 0.117688656 0.38755596 -0.6548275 -0.22246861 -0.023306608 0.07315254 0.6501863
0.25191247 0.8225744 0.07589674 -0.85411465 -0.789891 0.7965715 0.07781434 0.0929966 -0.044086933 -0.061238766 -0.5147519 0.60324776 -0.5149505 -0.4104159 -0.10710871 0.6032667 -0.36022544 -0.42129946 0.2568307 0.117688656 0.38755596 -0.6548275 -0.22246861 -0.023306608 0.07315254 0.6501863
0.25191247 0.8225744 0.0452919 -0.85411465 -0.6192473 0.7965715 0.07781434 0.0929966 -0.044086933 -0.061238766 -0.5147519 0.60324776 -0.9590776 -0.4104159 -0.10710871 0.6032667 0.456154 -0.42129946 0.16967988 0.117688656 0.38755596 -0.6548275 -0.22246861 -0.023306608 -0.5153321 -0.13610971
0.25191247 0.8225744 0.07589674 -0.85411465 -0.789891 0.7965715 0.07781434 0.0929966 -0.044086933 -0.061238766 -0.5147519 0.60324776 -0.5149505 -0.4104159 -0.10710871 0.6032667 -0.36022544 -0.42129946 0.2568307 0.117688656 0.38755596 -0.6548275 -0.22246861 -0.023306608 0.07315254 0.6501863
0.25191247 0.8225744 0.07589674 -0.85411465 -0.6192473 0.7965715 0.07781434 0.16729653 -0.044086933 -0.061238766 -0.5147519 0.60324776 -0.9590776 -0.4104159 -0.10710871 0.6032667 0.17283833 -0.42129946 0.16967988 0.117688656 0.38755596 -0.6548275 -0.22246861 -0.023306608 0.07315254 0.6501863
0.25191247 0.8225744 0.07589674 -0.85411465 -0.789891 0.7965715 0.07781434 0.0929966 -0.044086933 -0.061238766 -0.5147519 0.60324776 -0.5149505 -0.4104159 -0.10710871 0.6032667 -0.36022544 -0.42129946 0.2568307 0.117688656 0.38755596 -0.6548275 -0.22246861 -0.023306608 0.07315254 0.6501863
0.25191247 0.8225744 0.07589674 -0.85411465 -0.789891 0.7965715 0.07781434 0.0929966 -0.044086933 -0.061238766 -0.5147519 0.60324776 -0.173352 -0.4104159 -0.10710871 0.6032667 -0.5079721 -0.42129946 0.2568307 0.117688656 0.38755596 -0.6548275 -0.22246861 -0.023306608 0.07315254 0.6501863
0.25191247 0.8225744 0.07589674 -0.85411465 -0.6192473 0.7965715 0.07781434 0.0929966 -0.044086933 -0.061238766 -0.5147519 0.60324776 -0.9590776 -0.4104159 -0.10710871 0.6032667 0.17283833 -0.231812 0.16967988 0.117688656 0.38755596 -0.6548275 -0.22246861 -0.023306608 0.07315254 0.6501863
