0.7604034 0.6419126 0.96411693 0.8655553 0.22073126 0.579725 -0.056656957 -0.7166829 0.33650732 0.2105546 0.35299635 -0.07719195 0.12190306 -0.09759271 -0.54873705 -0.5366986 0.1670562 0.28002143 0.64109564 0.05673182 0.120191574 0.4907608 0.73884094 0.4912703 0.46542597 -0.21371305
-0.33391523 0.669101 -0.30717742 -0.5578127 0.47929513 0.38021672 -0.72480977 -0.58028805 0.56953895 -0.8187394 0.9935093 0.31408978 0.6512357 -0.35728967 -0.3365246 0.5687157 0.38289607 0.7856175 0.17111695 0.090014935 -0.21457791 -0.26765287 -0.8708935 -0.5352986 -0.5845827 -0.7079085
-0.33391523 0.669101 -0.30717742 -0.5578127 0.47929513 0.38021672 -0.72480977 -0.58028805 0.56953895 -0.8187394 0.9935093 0.31408978 0.6512357 -0.35728967 -0.3365246 0.5687157 0.38289607 0.7856175 0.17111695 0.090014935 -0.21457791 -0.26765287 -0.8708935 -0.5352986 -0.5845827 -0.7079085
0.5156902 -0.33368123 -0.35385406 0.36227274 0.80089283 -0.4435165 -0.14408922 -0.40848196 -0.54532874 -0.061912656 0.28300166 -0.26939952 0.6578473 0.33260965 0.45715904 0.24301815 0.6284139 0.89665043 -0.40246892 -0.26840603 0.6378548 0.4488845 0.4576249 -0.4822936 0.13090396 0.45961595
-0.33391523 0.070335984 -0.30717742 0.88352966 0.47929513 -0.3150108 -0.72480977 0.50435734 0.56953895 0.44170833 0.9935093 -0.4113872 0.6512357 -0.2518164 -0.3365246 -0.4675491 0.38289607 0.1105572 0.17111695 0.34788597 -0.21457791 -0.9201387 -0.8708935 -0.14516866 -0.5845827 -0.93628633
-0.33391523 0.070335984 -0.30717742 0.88352966 0.47929513 -0.3150108 -0.72480977 0.50435734 0.56953895 0.44170833 0.9935093 -0.4113872 0.6512357 -0.2518164 -0.3365246 -0.4675491 0.38289607 0.1105572 0.17111695 0.34788597 -0.21457791 -0.9201387 -0.8708935 -0.14516866 -0.5845827 -0.93628633
0.7604034 0.669101 0.96411693 -0.5578127 0.22073126 0.38021672 -0.056656957 -0.58028805 0.33650732 -0.8187394 0.35299635 0.31408978 0.12190306 -0.35728967 -0.54873705 0.5687157 0.1670562 0.7856175 0.64109564 0.090014935 0.120191574 -0.26765287 0.73884094 -0.5352986 0.46542597 -0.7079085
-0.33391523 0.669101 -0.30717742 -0.5578127 0.47929513 0.38021672 -0.72480977 -0.58028805 0.56953895 -0.8187394 0.9935093 0.31408978 0.6512357 -0.35728967 -0.3365246 0.5687157 0.38289607 0.7856175 0.17111695 0.090014935 -0.21457791 -0.26765287 -0.8708935 -0.5352986 -0.5845827 -0.7079085
-0.33391523 0.669101 -0.30717742 -0.5578127 0.47929513 0.38021672 -0.72480977 -0.58028805 0.56953895 -0.8187394 0.9935093 0.31408978 0.6512357 -0.35728967 -0.3365246 0.5687157 0.38289607 0.7856175 0.17111695 0.090014935 -0.21457791 -0.26765287 -0.8708935 -0.5352986 -0.5845827 -0.7079085
0.7604034 0.669101 0.96411693 -0.5578127 0.22073126 0.38021672 -0.056656957 -0.58028805 0.33650732 -0.8187394 0.35299635 0.31408978 0.12190306 -0.35728967 -0.54873705 0.5687157 0.1670562 0.7856175 0.64109564 0.090014935 0.120191574 -0.26765287 0.73884094 -0.5352986 0.46542597 -0.7079085
0.7604034 0.669101 0.96411693 -0.5578127 0.22073126 0.38021672 -0.056656957 -0.58028805 0.33650732 -0.8187394 0.35299635 0.31408978 0.12190306 -0.35728967 -0.54873705 0.5687157 0.1670562 0.7856175 0.64109564 0.090014935 0.120191574 -0.26765287 0.73884094 -0.5352986 0.46542597 -0.7079085
0.7604034 0.070335984 0.96411693 0.88352966 0.22073126 -0.3150108 -0.056656957 0.50435734 0.33650732 0.44170833 0.35299635 -0.4113872 0.12190306 -0.2518164 -0.54873705 -0.4675491 0.1670562 0.1105572 0.64109564 0.34788597 0.120191574 -0.9201387 0.73884094 -0.14516866 0.46542597 -0.93628633
0.7604034 -0.6667464 0.96411693 0.50772107 0.22073126 -0.28182864 -0.056656957 0.110323906 0.33650732 -0.8019881 0.35299635 -0.9979614 0.12190306 0.81133795 -0.54873705 -0.5090686 0.1670562 -0.11328542 0.64109564 0.3740692 0.120191574 0.93910706 0.73884094 -0.4444189 0.46542597 0.8620343
0.7604034 -0.6667464 0.96411693 0.50772107 0.22073126 -0.28182864 -0.056656957 0.110323906 0.33650732 -0.8019881 0.35299635 -0.9979614 0.12190306 0.81133795 -0.54873705 -0.5090686 0.1670562 -0.11328542 0.64109564 0.3740692 0.120191574 0.93910706 0.73884094 -0.4444189 0.46542597 0.8620343
0.7604034 -0.6667464 0.96411693 0.50772107 0.22073126 -0.28182864 -0.056656957 0.110323906 0.33650732 -0.8019881 0.35299635 -0.9979614 0.12190306 0.81133795 -0.54873705 -0.5090686 0.1670562 -0.11328542 0.64109564 0.3740692 0.120191574 0.93910706 0.73884094 -0.4444189 0.46542597 0.8620343
0.7604034 -0.6667464 0.96411693 0.50772107 0.22073126 -0.28182864 -0.056656957 0.110323906 0.33650732 -0.8019881 0.35299635 -0.9979614 0.12190306 0.81133795 -0.54873705 -0.5090686 0.1670562 -0.11328542 0.64109564 0.3740692 0.120191574 0.93910706 0.73884094 -0.4444189 0.46542597 0.8620343
0.7604034 -0.6667464 0.96411693 0.50772107 0.22073126 -0.28182864 -0.056656957 0.110323906 0.33650732 -0.8019881 0.35299635 -0.9979614 0.12190306 0.81133795 -0.54873705 -0.5090686 0.1670562 -0.11328542 0.64109564 0.3740692 0.120191574 0.93910706 0.73884094 -0.4444189 0.46542597 0.8620343
0.7604034 -0.6667464 0.96411693 0.50772107 0.22073126 -0.28182864 -0.056656957 0.110323906 0.33650732 -0.8019881 0.35299635 -0.9979614 0.12190306 0.81133795 -0.54873705 -0.5090686 0.1670562 -0.11328542 0.64109564 0.3740692 0.120191574 0.93910706 0.73884094 -0.4444189 0.46542597 0.8620343
0.7604034 -0.6667464 0.96411693 0.50772107 0.22073126 -0.28182864 -0.056656957 0.110323906 0.33650732 -0.8019881 0.35299635 -0.9979614 0.12190306 0.81133795 -0.54873705 -0.5090686 0.1670562 -0.11328542 0.64109564 0.3740692 0.120191574 0.93910706 0.73884094 -0.4444189 0.46542597 0.8620343
0.7604034 -0.6667464 0.96411693 0.50772107 0.22073126 -0.28182864 -0.056656957 0.110323906 0.33650732 -0.8019881 0.35299635 -0.9979614 0.12190306 0.81133795 -0.54873705 -0.5090686 0.1670562 -0.11328542 0.64109564 0.3740692 0.120191574 0.93910706 0.73884094 -0.4444189 0.46542597 0.8620343
0.7604034 -0.6667464 0.96411693 0.50772107 0.22073126 -0.28182864 -0.056656957 0.110323906 0.33650732 -0.8019881 0.35299635 -0.9979614 0.12190306 0.81133795 -0.54873705 -0.5090686 0.1670562 -0.11328542 0.64109564 0.3740692 0.120191574 0.93910706 0.73884094 -0.4444189 0.46542597 0.8620343
0.7604034 -0.6667464 0.96411693 0.50772107 0.22073126 -0.28182864 -0.056656957 0.110323906 0.33650732 -0.8019881 0.35299635 -0.9979614 0.12190306 0.81133795 -0.54873705 -0.5090686 0.1670562 -0.11328542 0.64109564 0.3740692 0.120191574 0.93910706 0.73884094 -0.4444189 0.46542597 0.8620343
0.7604034 -0.6667464 0.96411693 0.50772107 0.22073126 -0.28182864 -0.056656957 0.110323906 0.33650732 -0.8019881 0.35299635 -0.9979614 0.12190306 0.81133795 -0.54873705 -0.5090686 0.1670562 -0.11328542 0.64109564 0.3740692 0.120191574 0.93910706 0.73884094 -0.4444189 0.46542597 0.8620343
0.7604034 -0.6667464 0.96411693 0.50772107 0.22073126 -0.28182864 -0.056656957 0.110323906 0.33650732 -0.8019881 0.35299635 -0.9979614 0.12190306 0.81133795 -0.54873705 -0.5090686 0.1670562 -0.11328542 0.64109564 0.3740692 0.120191574 0.93910706 0.73884094 -0.4444189 0.46542597 0.8620343
0.7604034 -0.6667464 0.96411693 0.50772107 0.22073126 -0.28182864 -0.056656957 0.110323906 0.33650732 -0.8019881 0.35299635 -0.9979614 0.12190306 0.81133795 -0.54873705 -0.5090686 0.1670562 -0.11328542 0.64109564 0.3740692 0.120191574 0.93910706 0.73884094 -0.4444189 0.46542597 0.8620343
0.7604034 -0.6667464 0.96411693 0.50772107 0.22073126 -0.28182864 -0.056656957 0.110323906 0.33650732 -0.8019881 0.35299635 -0.9979614 0.12190306 0.81133795 -0.54873705 -0.5090686 0.1670562 -0.11328542 0.64109564 0.3740692 0.120191574 0.93910706 0.73884094 -0.4444189 0.46542597 0.8620343
0.7604034 -0.6667464 0.96411693 0.50772107 0.22073126 -0.28182864 -0.056656957 0.110323906 0.33650732 -0.8019881 0.35299635 -0.9979614 0.12190306 0.81133795 -0.54873705 -0.5090686 0.1670562 -0.11328542 0.64109564 0.3740692 0.120191574 0.93910706 0.73884094 -0.4444189 0.46542597 0.8620343
0.7604034 -0.6667464 0.96411693 0.50772107 0.22073126 -0.28182864 -0.056656957 0.110323906 0.33650732 -0.8019881 0.35299635 -0.9979614 0.12190306 0.81133795 -0.54873705 -0.5090686 0.1670562 -0.11328542 0.64109564 0.3740692 0.120191574 0.93910706 0.73884094 -0.4444189 0.46542597 0.8620343
0.7604034 -0.6667464 0.96411693 0.50772107 0.22073126 -0.28182864 -0.056656957 0.110323906 0.33650732 -0.8019881 0.35299635 -0.9979614 0.12190306 0.81133795 -0.54873705 -0.5090686 0.1670562 -0.11328542 0.64109564 0.3740692 0.120191574 0.93910706 0.73884094 -0.4444189 0.46542597 0.8620343
0.7604034 -0.6667464 0.96411693 0.50772107 0.22073126 -0.28182864 -0.056656957 0.110323906 0.33650732 -0.8019881 0.35299635 -0.9979614 0.12190306 0.81133795 -0.54873705 -0.5090686 0.1670562 -0.11328542 0.64109564 0.3740692 0.120191574 0.93910706 0.73884094 -0.4444189 0.46542597 0.8620343
0.7604034 -0.6667464 0.96411693 0.50772107 0.22073126 -0.28182864 -0.056656957 0.110323906 0.33650732 -0.8019881 0.35299635 -0.9979614 0.12190306 0.81133795 -0.54873705 -0.5090686 0.1670562 -0.11328542 0.64109564 0.3740692 0.120191574 0.93910706 0.73884094 -0.4444189 0.46542597 0.8620343
0.7604034 -0.6667464 0.96411693 0.50772107 0.22073126 -0.28182864 -0.056656957 0.110323906 0.33650732 -0.8019881 0.35299635 -0.9979614 0.12190306 0.81133795 -0.54873705 -0.5090686 0.1670562 -0.11328542 0.64109564 0.3740692 0.120191574 0.93910706 0.73884094 -0.4444189 0.46542597 0.8620343
0.7604034 -0.6667464 0.96411693 0.50772107 0.22073126 -0.28182864 -0.056656957 0.110323906 0.33650732 -0.8019881 0.35299635 -0.9979614 0.12190306 0.81133795 -0.54873705 -0.5090686 0.1670562 -0.11328542 0.64109564 0.3740692 0.120191574 0.93910706 0.73884094 -0.4444189 0.46542597 0.8620343
0.7604034 -0.6667464 0.96411693 0.50772107 0.22073126 -0.28182864 -0.056656957 0.110323906 0.33650732 -0.8019881 0.35299635 -0.9979614 0.12190306 0.81133795 -0.54873705 -0.5090686 0.1670562 -0.11328542 0.64109564 0.3740692 0.120191574 0.93910706 0.73884094 -0.4444189 0.46542597 0.8620343
0.7604034 -0.6667464 0.96411693 0.50772107 0.22073126 -0.28182864 -0.056656957 0.110323906 0.33650732 -0.8019881 0.35299635 -0.9979614 0.12190306 0.81133795 -0.54873705 -0.5090686 0.1670562 -0.11328542 0.64109564 0.3740692 0.120191574 0.93910706 0.73884094 -0.4444189 0.46542597 0.8620343
0.7604034 -0.6667464 0.96411693 0.50772107 0.22073126 -0.28182864 -0.056656957 0.110323906 0.33650732 -0.8019881 0.35299635 -0.9979614 0.12190306 0.81133795 -0.54873705 -0.5090686 0.1670562 -0.11328542 0.64109564 0.3740692 0.120191574 0.93910706 0.73884094 -0.4444189 0.46542597 0.8620343
0.7604034 -0.6667464 0.96411693 0.50772107 0.22073126 -0.28182864 -0.056656957 0.110323906 0.33650732 -0.8019881 0.35299635 -0.9979614 0.12190306 0.81133795 -0.54873705 -0.5090686 0.1670562 -0.11328542 0.64109564 0.3740692 0.120191574 0.93910706 0.73884094 -0.4444189 0.46542597 0.8620343
0.7604034 -0.6667464 0.96411693 0.50772107 0.22073126 -0.28182864 -0.056656957 0.110323906 0.33650732 -0.8019881 0.35299635 -0.9979614 0.12190306 0.81133795 -0.54873705 -0.5090686 0.1670562 -0.11328542 0.64109564 0.3740692 0.120191574 0.93910706 0.73884094 -0.4444189 0.46542597 0.8620343
0.7604034 -0.6667464 0.96411693 0.50772107 0.22073126 -0.28182864 -0.056656957 0.110323906 0.33650732 -0.8019881 0.35299635 -0.9979614 0.12190306 0.81133795 -0.54873705 -0.5090686 0.1670562 -0.11328542 0.64109564 0.3740692 0.120191574 0.93910706 0.73884094 -0.4444189 0.46542597 0.8620343
0.7604034 -0.6667464 0.96411693 0.50772107 0.22073126 -0.28182864 -0.056656957 0.110323906 0.33650732 -0.8019881 0.35299635 -0.9979614 0.12190306 0.81133795 -0.54873705 -0.5090686 0.1670562 -0.11328542 0.64109564 0.3740692 0.120191574 0.93910706 0.73884094 -0.4444189 0.46542597 0.8620343
0.7604034 -0.6667464 0.96411693 0.50772107 0.22073126 -0.28182864 -0.056656957 0.110323906 0.33650732 -0.8019881 0.35299635 -0.9979614 0.12190306 0.81133795 -0.54873705 -0.5090686 0.1670562 -0.11328542 0.64109564 0.3740692 0.120191574 0.93910706 0.73884094 -0.4444189 0.46542597 0.8620343
0.7604034 -0.6667464 0.96411693 0.50772107 0.22073126 -0.28182864 -0.056656957 0.110323906 0.33650732 -0.8019881 0.35299635 -0.9979614 0.12190306 0.81133795 -0.54873705 -0.5090686 0.1670562 -0.11328542 0.64109564 0.3740692 0.120191574 0.93910706 0.73884094 -0.4444189 0.46542597 0.8620343
0.7604034 -0.6667464 0.96411693 0.50772107 0.22073126 -0.28182864 -0.056656957 0.110323906 0.33650732 -0.8019881 0.35299635 -0.9979614 0.12190306 0.81133795 -0.54873705 -0.5090686 0.1670562 -0.11328542 0.64109564 0.3740692 0.120191574 0.93910706 0.73884094 -0.4444189 0.46542597 0.8620343
0.7604034 -0.6667464 0.96411693 0.50772107 0.22073126 -0.28182864 -0.056656957 0.110323906 0.33650732 -0.8019881 0.35299635 -0.9979614 0.12190306 0.81133795 -0.54873705 -0.5090686 0.1670562 -0.11328542 0.64109564 0.3740692 0.120191574 0.93910706 0.73884094 -0.4444189 0.46542597 0.8620343
0.7604034 -0.6667464 0.96411693 0.50772107 0.22073126 -0.28182864 -0.056656957 0.110323906 0.33650732 -0.8019881 0.35299635 -0.9979614 0.12190306 0.81133795 -0.54873705 -0.5090686 0.1670562 -0.11328542 0.64109564 0.3740692 0.120191574 0.93910706 0.73884094 -0.4444189 0.46542597 0.8620343
0.7604034 -0.6667464 0.96411693 0.50772107 0.22073126 -0.28182864 -0.056656957 0.110323906 0.33650732 -0.8019881 0.35299635 -0.9979614 0.12190306 0.81133795 -0.54873705 -0.5090686 0.1670562 -0.11328542 0.64109564 0.3740692 0.120191574 0.93910706 0.73884094 -0.4444189 0.46542597 0.8620343
0.7604034 -0.6667464 0.96411693 0.50772107 0.22073126 -0.28182864 -0.056656957 0.110323906 0.33650732 -0.8019881 0.35299635 -0.9979614 0.12190306 0.81133795 -0.54873705 -0.5090686 0.1670562 -0.11328542 0.64109564 0.3740692 0.120191574 0.93910706 0.73884094 -0.4444189 0.46542597 0.8620343
0.7604034 -0.6667464 0.96411693 0.50772107 0.22073126 -0.28182864 -0.056656957 0.110323906 0.33650732 -0.8019881 0.35299635 -0.9979614 0.12190306 0.81133795 -0.54873705 -0.5090686 0.1670562 -0.11328542 0.64109564 0.3740692 0.120191574 0.93910706 0.73884094 -0.4444189 0.46542597 0.8620343
0.7604034 -0.6667464 0.96411693 0.50772107 0.22073126 -0.28182864 -0.056656957 0.110323906 0.33650732 -0.8019881 0.35299635 -0.9979614 0.12190306 0.81133795 -0.54873705 -0.5090686 0.1670562 -0.11328542 0.64109564 0.3740692 0.120191574 0.93910706 0.73884094 -0.4444189 0.46542597 0.8620343
0.7604034 -0.6667464 0.96411693 0.50772107 0.22073126 -0.28182864 -0.056656957 0.110323906 0.33650732 -0.8019881 0.35299635 -0.9979614 0.12190306 0.81133795 -0.54873705 -0.5090686 0.1670562 -0.11328542 0.64109564 0.3740692 0.120191574 0.93910706 0.73884094 -0.4444189 0.46542597 0.8620343
0.7604034 -0.6667464 0.96411693 0.50772107 0.22073126 -0.28182864 -0.056656957 0.110323906 0.33650732 -0.8019881 0.35299635 -0.9979614 0.12190306 0.81133795 -0.54873705 -0.5090686 0.1670562 -0.11328542 0.64109564 0.3740692 0.120191574 0.93910706 0.73884094 -0.4444189 0.46542597 0.8620343
0.7604034 -0.6667464 0.96411693 0.50772107 0.22073126 -0.28182864 -0.056656957 0.110323906 0.33650732 -0.8019881 0.35299635 -0.9979614 0.12190306 0.81133795 -0.54873705 -0.5090686 0.1670562 -0.11328542 0.64109564 0.3740692 0.120191574 0.93910706 0.73884094 -0.4444189 0.46542597 0.8620343
0.7604034 -0.6667464 0.96411693 0.50772107 0.22073126 -0.28182864 -0.056656957 0.110323906 0.33650732 -0.8019881 0.35299635 -0.9979614 0.12190306 0.81133795 -0.54873705 -0.5090686 0.1670562 -0.11328542 0.64109564 0.3740692 0.120191574 0.93910706 0.73884094 -0.4444189 0.46542597 0.8620343
0.7604034 -0.6667464 0.96411693 0.50772107 0.22073126 -0.28182864 -0.056656957 0.110323906 0.33650732 -0.8019881 0.35299635 -0.9979614 0.12190306 0.81133795 -0.54873705 -0.5090686 0.1670562 -0.11328542 0.64109564 0.3740692 0.120191574 0.93910706 0.73884094 -0.4444189 0.46542597 0.8620343
0.7604034 -0.6667464 0.96411693 0.50772107 0.22073126 -0.28182864 -0.028585672 0.110323906 0.33650732 -0.8019881 0.35299635 -0.9979614 0.12190306 0.81133795 -0.54873705 -0.5090686 0.1670562 -0.11328542 0.64109564 0.3740692 0.120191574 0.93910706 0.73884094 -0.4444189 0.46542597 0.8620343
