0.38253403 0.3236674 -0.71084964 -0.22441006 -0.02415657 0.8314316 0.23438561 -0.2653303 -0.64151835 0.6424767 -0.12248778 0.28018212 -0.1439532 -0.760993 -0.860355 0.7238257 -0.0992471 -0.44102228 0.098614216 -0.6815529 -0.41354442 -0.99741197 -0.9022473 -0.26882315 -0.104738116 -0.026234865 0.062378764 -0.046043634 -0.62949777 -0.7391956 -0.1904093 0.25215232 -0.09623563 0.103612304 0.7726493 0.5972936 0.33296514 0.6382071 -0.42360544 0.18012452 -0.010549188 0.56984663
-0.12801814 -0.9785186 0.6343008 -0.53049445 -0.93816745 0.41050744 0.39299965 -0.10085583 -0.30262887 0.4758693 0.8663602 -0.5790036 -0.6854383 -0.52214277 -0.90232086 0.42114282 -0.29976964 0.67021656 -0.41868722 0.009757161 -0.983932 0.39841378 -0.24177897 -0.11820483 -0.70616186 0.78476596 -0.79156435 0.8533609 -0.8285003 -0.71884835 0.3213308 -0.8068265 0.91156495 -0.64736176 0.5598192 -0.4688362 0.16620696 -0.60155714 -0.7510369 -0.048934937 -0.7524463 -0.7934644
0.22872376 0.64866495 0.29741895 0.89848113 0.167135 -0.39457393 -0.07797444 -0.6550276 0.15019858 0.5277988 0.18817794 -0.14602351 0.9065813 0.8588817 0.4831419 -0.7882041 0.9339062 0.90514183 0.4352355 0.33437908 -0.38809526 0.8881861 -0.9151386 0.5940987 -0.7808553 0.13035572 -0.9767972 -0.5297221 0.5527911 0.22042882 0.16737378 -0.85599434 -0.9215603 -0.37275064 -0.8489226 0.91143715 0.6659888 0.37125587 -0.6993334 -0.43734872 -0.040468335 0.07550001
0.22872376 0.061439514 0.29741895 -0.56858647 0.167135 0.24915683 -0.07797444 -0.18279421 0.15019858 -0.9615916 0.18817794 -0.36953652 0.9065813 0.6239995 0.4831419 0.5626917 0.9339062 -0.16958356 0.4352355 -0.97662485 -0.38809526 -0.34423912 -0.9151386 0.42383575 -0.7808553 0.1677624 -0.9767972 0.93770504 0.20968258 0.26939476 0.16737378 -0.05733955 -0.9215603 -0.28020704 -0.57925165 -0.9743674 0.6659888 0.49063313 -0.6993334 -0.8153883 -0.040468335 0.74835074
0.22872376 0.061439514 0.29741895 -0.56858647 0.167135 0.24915683 -0.07797444 -0.18279421 0.15019858 -0.9615916 0.18817794 -0.36953652 0.9065813 0.6239995 0.4831419 0.5626917 0.9339062 -0.16958356 0.4352355 -0.97662485 -0.38809526 -0.34423912 -0.9151386 0.42383575 -0.7808553 0.1677624 -0.9767972 0.93770504 0.20968258 0.26939476 0.16737378 -0.05733955 -0.9215603 -0.28020704 -0.57925165 -0.9743674 0.6659888 0.49063313 -0.6993334 -0.8153883 -0.040468335 0.74835074
-0.12801814 0.061439514 0.6343008 -0.56858647 -0.93816745 0.24915683 0.39299965 -0.18279421 -0.30262887 -0.9615916 0.8663602 -0.36953652 -0.6854383 0.6239995 -0.90232086 0.5626917 -0.29976964 -0.16958356 -0.41868722 -0.97662485 -0.983932 -0.34423912 -0.24177897 0.42383575 -0.70616186 0.1677624 -0.79156435 0.93770504 -0.8285003 0.26939476 0.3213308 -0.05733955 0.91156495 -0.28020704 0.5598192 -0.9743674 0.16620696 0.49063313 -0.7510369 -0.8153883 -0.7524463 0.74835074
0.053588152 0.061439514 -0.95290315 -0.56858647 -0.018581748 0.24915683 0.33327138 -0.18279421 0.20016277 -0.9615916 -0.5101414 -0.36953652 0.9850508 0.6239995 -0.8367033 0.5626917 0.77380085 -0.16958356 -0.1249938 -0.97662485 0.3644209 -0.34423912 -0.34705245 0.42383575 -0.8930491 0.1677624 0.45974278 0.93770504 0.37452865 0.26939476 -0.045241714 -0.05733955 -0.5209193 -0.28020704 -0.883096 -0.9743674 0.83332694 0.49063313 -0.76391804 -0.8153883 9.2053413E-4 0.74835074
-0.12801814 0.4845482 0.6343008 -0.71204567 -0.93816745 0.75093555 0.39299965 -0.07404542 -0.30262887 -0.48131514 0.8663602 0.27073443 -0.6854383 0.40924776 -0.90232086 -0.6200707 -0.29976964 -0.54600596 -0.41868722 0.5753219 -0.983932 0.9514661 -0.24177897 -0.8365427 -0.70616186 -0.7372601 -0.79156435 0.39648783 -0.8285003 -0.49436843 0.3213308 -0.9556855 0.91156495 0.042700887 0.5598192 0.62335646 0.16620696 0.5688994 -0.7510369 -0.14594543 -0.7524463 0.08799553
0.22872376 -0.85080934 0.29741895 -0.22441006 0.167135 0.8314316 -0.07797444 -0.2653303 0.15019858 0.6424767 0.18817794 0.28018212 0.9065813 -0.20952475 0.4831419 0.7238257 0.9339062 -0.44102228 0.4352355 -0.70755804 -0.38809526 -0.99741197 -0.9151386 -0.26882315 -0.7808553 -0.026234865 -0.9767972 -0.046043634 0.7264205 -0.7391956 0.16737378 0.25215232 -0.9215603 0.103612304 -0.57925165 0.5972936 0.6659888 0.6382071 -0.6993334 0.18012452 -0.040468335 0.56984663
0.22872376 -0.85080934 0.29741895 -0.22441006 0.167135 0.8314316 -0.07797444 -0.2653303 0.15019858 0.6424767 0.18817794 0.28018212 0.9065813 -0.20952475 0.4831419 0.7238257 0.9339062 -0.44102228 0.4352355 -0.70755804 -0.38809526 -0.99741197 -0.9151386 -0.26882315 -0.7808553 -0.026234865 -0.9767972 -0.046043634 0.7264205 -0.7391956 0.16737378 0.25215232 -0.9215603 0.103612304 -0.57925165 0.5972936 0.6659888 0.6382071 -0.6993334 0.18012452 -0.040468335 0.56984663
0.053588152 0.061439514 -0.95290315 -0.56858647 -0.018581748 0.7297766 0.33327138 0.45390582 0.20016277 -0.9615916 -0.5101414 -0.36953652 0.9850508 0.6239995 -0.8367033 0.5626917 0.77380085 -0.16958356 -0.1249938 -0.97662485 0.3644209 -0.34423912 -0.34705245 0.42383575 0.42045164 0.1677624 0.45974278 0.93770504 0.37452865 0.26939476 -0.045241714 -0.05733955 -0.5209193 -0.28020704 -0.883096 -0.9743674 -0.9267607 0.49063313 -0.94566226 -0.22458851 9.2053413E-4 0.74835074
-0.12801814 0.4845482 0.6343008 -0.71204567 -0.93816745 0.75093555 0.39299965 -0.07404542 -0.30262887 -0.48131514 0.8663602 0.27073443 -0.6854383 0.40924776 -0.90232086 -0.6200707 -0.29976964 -0.54600596 -0.41868722 0.5753219 -0.983932 0.9514661 -0.24177897 -0.8365427 -0.70616186 -0.7372601 -0.79156435 0.39648783 -0.8285003 -0.49436843 0.3213308 -0.9556855 0.91156495 0.042700887 0.5598192 0.62335646 0.16620696 0.5688994 -0.7510369 -0.14594543 -0.7524463 0.08799553
-0.12801814 0.4845482 0.6343008 -0.71204567 -0.93816745 0.75093555 0.39299965 -0.07404542 -0.30262887 -0.48131514 0.8663602 0.27073443 -0.6854383 0.40924776 -0.90232086 -0.6200707 -0.29976964 -0.54600596 -0.41868722 0.5753219 -0.983932 0.9514661 -0.24177897 -0.8365427 -0.70616186 -0.7372601 -0.79156435 0.39648783 -0.8285003 -0.49436843 0.3213308 -0.9556855 0.91156495 0.042700887 0.5598192 0.62335646 0.16620696 0.5688994 -0.7510369 -0.14594543 -0.7524463 0.08799553
0.053588152 0.4845482 -0.95290315 -0.71204567 -0.018581748 0.75093555 0.33327138 -0.07404542 0.20016277 -0.48131514 -0.5101414 0.27073443 0.9850508 0.40924776 -0.8367033 -0.6200707 0.77380085 -0.54600596 -0.1249938 0.5753219 0.3644209 0.9514661 -0.34705245 -0.8365427 0.42045164 -0.7372601 0.45974278 0.39648783 0.37452865 -0.49436843 -0.045241714 -0.9556855 -0.5209193 0.042700887 -0.883096 0.62335646 -0.9267607 0.5688994 -0.94566226 -0.14594543 9.2053413E-4 0.08799553
0.053588152 0.4845482 -0.95290315 -0.71204567 -0.018581748 0.75093555 0.33327138 -0.07404542 0.20016277 -0.48131514 -0.5101414 0.27073443 0.9850508 0.40924776 -0.8367033 -0.6200707 0.77380085 -0.54600596 -0.1249938 0.5753219 0.3644209 0.9514661 -0.34705245 -0.8365427 0.42045164 -0.7372601 0.45974278 0.39648783 0.37452865 -0.49436843 -0.045241714 -0.9556855 -0.5209193 0.042700887 -0.883096 0.62335646 -0.9267607 0.5688994 -0.94566226 -0.14594543 9.2053413E-4 0.08799553
-0.12801814 0.4845482 0.6343008 -0.71204567 -0.93816745 0.75093555 0.39299965 -0.07404542 -0.30262887 -0.48131514 0.8663602 0.27073443 -0.6854383 0.40924776 -0.90232086 -0.6200707 -0.29976964 -0.54600596 -0.41868722 0.5753219 -0.983932 0.9514661 -0.24177897 -0.8365427 -0.70616186 -0.7372601 -0.79156435 0.39648783 -0.8285003 -0.49436843 0.3213308 -0.9556855 0.91156495 0.042700887 0.5598192 0.46432555 0.16620696 0.5688994 -0.7510369 -0.14594543 -0.7524463 0.08799553
0.22872376 0.061439514 0.29741895 -0.56858647 0.2261895 0.7297766 -0.07797444 0.45390582 0.15019858 -0.9615916 -0.9097512 -0.36953652 -0.40824294 0.6239995 0.4831419 0.5626917 0.9339062 -0.16958356 0.4352355 -0.97662485 -0.38809526 -0.34423912 -0.9151386 0.42383575 -0.7808553 0.1677624 -0.9767972 0.93770504 0.7264205 0.26939476 0.16737378 -0.05733955 -0.9215603 -0.28020704 -0.57925165 -0.9743674 0.6659888 0.49063313 -0.6993334 -0.22458851 -0.040468335 0.74835074
0.22872376 0.4845482 0.29741895 -0.71204567 0.2261895 0.75093555 -0.07797444 -0.07404542 0.15019858 -0.48131514 -0.9097512 0.27073443 -0.40824294 0.40924776 0.4831419 -0.6200707 0.9339062 -0.54600596 0.4352355 0.5753219 -0.38809526 0.9514661 -0.9151386 -0.8365427 -0.7808553 -0.7372601 -0.9767972 0.39648783 0.7264205 -0.49436843 0.16737378 -0.9556855 -0.9215603 0.042700887 -0.57925165 0.62335646 0.6659888 0.5688994 -0.6993334 -0.14594543 -0.040468335 0.08799553
0.22872376 0.4845482 0.29741895 -0.557757 0.2261895 0.75093555 -0.07797444 -0.07404542 0.15019858 -0.48131514 -0.9097512 0.27073443 -0.40824294 0.40924776 0.4831419 -0.6200707 0.9339062 -0.54600596 0.4352355 0.5753219 -0.38809526 0.9514661 -0.9151386 -0.8365427 -0.91871834 -0.7372601 -0.9767972 0.39648783 0.7264205 -0.49436843 0.16737378 -0.9556855 -0.9215603 0.042700887 -0.57925165 0.46432555 0.6659888 0.5688994 -0.6993334 -0.14594543 -0.040468335 0.08799553
0.22872376 0.4845482 0.29741895 -0.71204567 0.2261895 0.75093555 -0.07797444 -0.07404542 0.15019858 -0.48131514 -0.9097512 0.27073443 -0.40824294 0.40924776 0.4831419 -0.6200707 0.9339062 -0.54600596 0.4352355 0.5753219 -0.38809526 0.9514661 -0.9151386 -0.8365427 -0.7808553 -0.7372601 -0.9767972 0.39648783 0.7264205 -0.49436843 0.16737378 -0.9556855 -0.9215603 0.042700887 -0.57925165 0.62335646 0.6659888 0.5688994 -0.6993334 -0.14594543 -0.040468335 0.08799553
0.22872376 0.4845482 0.29741895 -0.71204567 0.2261895 0.75093555 -0.07797444 -0.07404542 0.15019858 -0.48131514 -0.9097512 0.27073443 -0.40824294 0.40924776 0.4831419 -0.6200707 0.9339062 -0.54600596 0.4352355 0.5753219 -0.38809526 0.9514661 -0.9151386 -0.8365427 -0.7808553 -0.7372601 -0.9767972 0.39648783 0.7264205 -0.49436843 0.16737378 -0.9556855 -0.9215603 0.042700887 -0.57925165 0.62335646 0.6659888 0.5688994 -0.6993334 -0.14594543 -0.040468335 0.08799553
0.22872376 0.4845482 0.29741895 -0.71204567 0.2261895 0.75093555 -0.07797444 -0.07404542 0.15019858 -0.48131514 -0.9097512 0.27073443 -0.40824294 0.40924776 0.4831419 -0.6200707 0.9339062 -0.54600596 0.4352355 0.5753219 -0.38809526 0.9514661 -0.9151386 -0.8365427 -0.7808553 -0.7372601 -0.9767972 0.39648783 0.7264205 -0.49436843 0.16737378 -0.9556855 -0.9215603 0.042700887 -0.57925165 0.46432555 0.6659888 0.5688994 -0.6993334 -0.14594543 -0.040468335 0.08799553
0.22872376 0.4845482 0.29741895 -0.71204567 0.2261895 0.75093555 -0.07797444 -0.07404542 0.15019858 -0.48131514 -0.9097512 0.27073443 -0.40824294 0.40924776 0.4831419 -0.6200707 0.9339062 -0.54600596 0.4352355 0.5753219 -0.38809526 0.9514661 -0.9151386 -0.8365427 -0.7808553 -0.7372601 -0.9767972 0.39648783 0.7264205 -0.49436843 0.16737378 -0.9556855 -0.9215603 0.042700887 -0.57925165 0.46432555 0.6659888 0.5688994 -0.6993334 -0.14594543 -0.040468335 0.08799553
0.22872376 0.4845482 0.29741895 -0.71204567 0.2261895 0.75093555 -0.07797444 -0.07404542 0.15019858 -0.48131514 -0.9097512 0.27073443 -0.40824294 0.40924776 0.4831419 -0.6200707 0.9339062 -0.54600596 0.4352355 0.5753219 -0.38809526 0.9514661 -0.9151386 -0.8365427 -0.7808553 -0.7372601 -0.9767972 0.39648783 0.7264205 -0.49436843 0.16737378 -0.9556855 -0.9215603 0.042700887 -0.57925165 0.46432555 0.6659888 0.5688994 -0.6993334 -0.14594543 -0.040468335 0.08799553
0.22872376 0.4845482 0.29741895 -0.71204567 0.2261895 0.75093555 -0.07797444 -0.07404542 0.15019858 -0.48131514 -0.9097512 0.27073443 -0.40824294 0.40924776 0.4831419 -0.6200707 0.9339062 -0.54600596 0.4352355 0.5753219 -0.38809526 0.9514661 -0.9151386 -0.8365427 -0.7808553 -0.7372601 -0.9767972 0.39648783 0.7264205 -0.49436843 0.16737378 -0.9556855 -0.9215603 0.042700887 -0.57925165 0.62335646 0.6659888 0.5688994 -0.6993334 -0.14594543 -0.040468335 0.08799553
0.22872376 0.4845482 0.29741895 -0.71204567 0.2261895 0.75093555 -0.07797444 -0.07404542 0.15019858 -0.48131514 -0.9097512 0.27073443 -0.40824294 0.40924776 0.4831419 -0.6200707 0.9339062 -0.54600596 0.4352355 0.5753219 -0.38809526 0.9514661 -0.9151386 -0.8365427 -0.7808553 -0.7372601 -0.9767972 0.39648783 0.7264205 -0.49436843 0.16737378 -0.9556855 -0.9215603 0.042700887 -0.57925165 0.62335646 0.6659888 0.5688994 -0.6993334 -0.14594543 -0.040468335 0.08799553
0.22872376 0.4845482 0.29741895 -0.557757 0.2261895 0.75093555 -0.07797444 -0.07404542 0.15019858 -0.48131514 -0.9097512 0.27073443 -0.40824294 0.40924776 0.4831419 -0.6200707 0.9339062 -0.54600596 0.4352355 0.5753219 -0.38809526 0.9514661 -0.9151386 -0.8365427 -0.7808553 -0.7372601 -0.9767972 0.39648783 0.7264205 -0.49436843 0.16737378 -0.9556855 -0.9215603 0.042700887 -0.57925165 0.46432555 0.6659888 0.5688994 -0.6993334 -0.14594543 -0.040468335 0.08799553
0.22872376 0.4845482 0.29741895 -0.71204567 0.2261895 0.75093555 -0.07797444 -0.07404542 0.15019858 -0.48131514 -0.9097512 0.27073443 -0.40824294 0.40924776 0.4831419 -0.6200707 0.9339062 -0.54600596 0.4352355 0.5753219 -0.38809526 0.9514661 -0.9151386 -0.8365427 -0.7808553 -0.7372601 -0.9767972 0.39648783 0.7264205 -0.49436843 0.16737378 -0.9556855 -0.9215603 0.042700887 -0.57925165 0.62335646 0.6659888 0.5688994 -0.6993334 -0.14594543 -0.040468335 0.08799553
0.22872376 0.4845482 0.29741895 -0.71204567 0.2261895 0.75093555 -0.07797444 -0.07404542 0.15019858 -0.48131514 -0.9097512 0.27073443 -0.40824294 0.40924776 0.4831419 -0.6200707 0.9339062 -0.54600596 0.4352355 0.5753219 -0.38809526 0.9514661 -0.9151386 -0.8365427 -0.7808553 -0.7372601 -0.9767972 0.39648783 0.7264205 -0.49436843 0.16737378 -0.9556855 -0.9215603 0.042700887 -0.57925165 0.46432555 0.6659888 0.5688994 -0.6993334 -0.14594543 -0.040468335 0.08799553
0.22872376 0.4845482 0.29741895 -0.71204567 0.2261895 0.75093555 -0.07797444 -0.07404542 0.15019858 -0.48131514 -0.9097512 0.27073443 -0.40824294 0.40924776 0.4831419 -0.6200707 0.9339062 -0.54600596 0.4352355 0.5753219 -0.38809526 0.9514661 -0.9151386 -0.8365427 -0.7808553 -0.7372601 -0.9767972 0.39648783 0.7264205 -0.49436843 0.16737378 -0.9556855 -0.9215603 0.042700887 -0.57925165 0.62335646 0.6659888 0.5688994 -0.6993334 -0.14594543 -0.040468335 0.08799553
0.22872376 0.4845482 0.29741895 -0.71204567 0.2261895 0.75093555 -0.07797444 -0.07404542 0.15019858 -0.48131514 -0.9097512 0.27073443 -0.40824294 0.40924776 0.81428695 -0.6200707 0.9339062 -0.54600596 0.4352355 0.5753219 -0.62105227 0.9514661 -0.9151386 -0.8365427 -0.7808553 -0.7372601 -0.9767972 0.39648783 0.7264205 -0.49436843 0.16737378 -0.9556855 -0.9215603 0.042700887 -0.57925165 0.62335646 -0.22538233 0.5350566 -0.8315666 -0.14594543 -0.040468335 0.08799553
0.22872376 0.4845482 0.29741895 -0.71204567 0.2261895 0.75093555 -0.07797444 -0.07404542 0.15019858 -0.48131514 -0.9097512 0.27073443 -0.40824294 0.40924776 0.4831419 -0.6200707 0.9339062 -0.54600596 0.4352355 0.5753219 -0.38809526 0.9514661 -0.9151386 -0.8365427 -0.7808553 -0.7372601 -0.9767972 0.39648783 0.7264205 -0.49436843 0.16737378 -0.9556855 -0.9215603 0.042700887 -0.57925165 0.46432555 0.6659888 0.5688994 -0.6993334 -0.14594543 -0.040468335 0.08799553
0.22872376 0.4845482 0.29741895 -0.71204567 0.2261895 0.75093555 -0.07797444 -0.07404542 0.15019858 -0.48131514 -0.9097512 0.27073443 -0.40824294 0.40924776 0.4831419 -0.6200707 0.9339062 -0.54600596 0.4352355 0.5753219 -0.38809526 0.9514661 -0.9151386 -0.8365427 -0.7808553 -0.7372601 -0.9767972 0.39648783 0.7264205 -0.49436843 0.16737378 -0.9556855 -0.9215603 0.042700887 -0.57925165 0.62335646 0.6659888 0.5688994 -0.6993334 -0.14594543 -0.040468335 0.08799553
0.22872376 0.4845482 0.29741895 -0.71204567 0.2261895 0.75093555 -0.07797444 -0.07404542 0.15019858 -0.48131514 -0.9097512 0.27073443 -0.40824294 0.40924776 0.4831419 -0.6200707 0.9339062 -0.54600596 0.4352355 0.5753219 -0.38809526 0.9514661 -0.9151386 -0.8365427 -0.7808553 -0.7372601 -0.9767972 0.39648783 0.7264205 -0.49436843 0.16737378 -0.9556855 -0.9215603 0.042700887 -0.57925165 0.62335646 0.6659888 0.5350566 -0.6993334 -0.14594543 -0.040468335 0.08799553
0.22872376 0.4845482 0.29741895 -0.71204567 0.2261895 0.75093555 -0.07797444 -0.07404542 0.15019858 -0.48131514 -0.9097512 0.27073443 -0.40824294 0.40924776 0.4831419 -0.6200707 0.9339062 -0.54600596 0.4352355 0.5753219 -0.38809526 0.9514661 -0.9151386 -0.8365427 -0.7808553 -0.7372601 -0.9767972 0.39648783 0.7264205 -0.49436843 0.16737378 -0.9556855 -0.9215603 0.042700887 -0.57925165 0.62335646 0.6659888 0.5350566 -0.6993334 -0.14594543 -0.040468335 0.08799553
0.22872376 0.4845482 0.29741895 -0.71204567 0.2261895 0.75093555 -0.07797444 -0.07404542 0.15019858 -0.48131514 -0.9097512 0.27073443 -0.40824294 0.40924776 0.4831419 -0.6200707 0.9339062 -0.54600596 0.4352355 0.5753219 -0.38809526 0.9514661 -0.9151386 -0.8365427 -0.7808553 -0.7372601 -0.9767972 0.39648783 0.7264205 -0.49436843 0.16737378 -0.9556855 -0.9215603 0.042700887 -0.57925165 0.62335646 0.6659888 0.5350566 -0.6993334 -0.14594543 -0.040468335 0.08799553
0.22872376 0.97575796 0.29741895 -0.71204567 0.2261895 0.75093555 -0.07797444 -0.07404542 0.15019858 -0.48131514 -0.9097512 0.27073443 -0.40824294 0.40924776 0.4831419 -0.33042717 -0.3884591 -0.54600596 0.4352355 0.5753219 -0.38809526 0.9514661 -0.9151386 -0.8365427 -0.7808553 -0.7372601 -0.9767972 0.39648783 0.7264205 -0.49436843 0.16737378 -0.9556855 -0.9215603 0.042700887 -0.57925165 0.62335646 0.8468077 0.5350566 -0.6993334 -0.14594543 -0.040468335 0.08799553
0.22872376 0.97575796 0.29741895 -0.71204567 0.2261895 0.75093555 -0.07797444 -0.07404542 0.15019858 -0.48131514 -0.9097512 0.27073443 -0.40824294 0.40924776 0.4831419 -0.33042717 0.9339062 -0.54600596 0.4352355 0.5753219 -0.38809526 0.9514661 -0.9151386 -0.8365427 -0.7808553 -0.7372601 -0.9767972 0.39648783 0.7264205 -0.49436843 0.16737378 -0.9556855 -0.9215603 0.042700887 -0.57925165 0.62335646 0.6659888 0.5350566 -0.6993334 -0.14594543 -0.040468335 0.08799553
0.22872376 0.97575796 0.29741895 -0.71204567 0.2261895 0.75093555 -0.07797444 -0.07404542 0.15019858 -0.48131514 -0.9097512 0.27073443 -0.40824294 0.40924776 0.4831419 -0.33042717 -0.3884591 -0.54600596 0.4352355 0.5753219 -0.38809526 0.9514661 -0.9151386 -0.8365427 -0.7808553 -0.7372601 -0.9767972 0.39648783 0.7264205 -0.49436843 0.16737378 -0.9556855 -0.9215603 0.042700887 -0.57925165 0.62335646 0.8468077 0.5350566 -0.6993334 -0.14594543 -0.040468335 0.08799553
0.22872376 0.97575796 0.29741895 -0.71204567 0.2261895 0.75093555 -0.07797444 -0.07404542 0.15019858 -0.48131514 -0.9097512 0.27073443 -0.40824294 0.40924776 0.4831419 -0.33042717 0.9339062 -0.54600596 0.4352355 0.5753219 -0.38809526 0.9514661 -0.9151386 -0.8365427 -0.7808553 -0.7372601 -0.9767972 0.39648783 0.7264205 -0.49436843 0.16737378 -0.9556855 -0.9215603 0.042700887 -0.57925165 0.62335646 0.6659888 0.5350566 -0.6993334 -0.14594543 -0.040468335 0.08799553
0.22872376 0.4845482 0.29741895 -0.71204567 0.2261895 0.75093555 -0.07797444 -0.07404542 0.15019858 -0.48131514 -0.9097512 0.27073443 -0.40824294 0.40924776 0.4831419 -0.6200707 0.9339062 -0.54600596 0.4352355 0.5753219 -0.38809526 0.9514661 -0.9151386 -0.8365427 -0.7808553 -0.7372601 -0.9767972 0.39648783 0.7264205 -0.49436843 0.16737378 -0.9556855 -0.9215603 0.042700887 -0.57925165 0.62335646 0.6659888 0.5688994 -0.6993334 -0.14594543 -0.040468335 0.08799553
0.22872376 0.4845482 0.29741895 -0.29320168 0.2261895 0.75093555 -0.07797444 -0.07404542 0.15019858 -0.48131514 -0.9097512 0.27073443 -0.40824294 0.40924776 0.4831419 -0.6200707 0.9339062 -0.54600596 0.4352355 0.5753219 -0.38809526 0.9514661 0.26003075 -0.8365427 -0.7808553 -0.7372601 -0.9767972 0.39648783 0.7264205 -0.49436843 0.16737378 -0.9556855 -0.9215603 0.042700887 -0.57925165 0.62335646 0.6659888 0.5688994 -0.6993334 -0.14594543 -0.040468335 0.08799553
0.22872376 0.4845482 0.29741895 -0.71204567 0.2261895 0.75093555 -0.07797444 -0.07404542 0.15019858 -0.48131514 -0.9097512 0.27073443 -0.40824294 0.40924776 0.4831419 -0.6200707 0.9339062 -0.54600596 0.4352355 0.5753219 -0.38809526 0.9514661 -0.9151386 -0.8365427 -0.7808553 -0.7372601 -0.9767972 0.39648783 0.7264205 -0.49436843 0.16737378 -0.9556855 -0.9215603 0.042700887 -0.57925165 0.62335646 0.6659888 0.5688994 -0.6993334 -0.14594543 -0.040468335 0.08799553
0.22872376 0.4845482 0.29741895 -0.71204567 0.2261895 0.75093555 -0.07797444 -0.07404542 0.15019858 -0.48131514 -0.9097512 0.27073443 -0.40824294 0.40924776 0.4831419 -0.6200707 0.9339062 -0.54600596 0.4352355 0.5753219 -0.38809526 0.9514661 -0.9151386 -0.8365427 -0.7808553 -0.7372601 -0.9767972 0.39648783 0.7264205 -0.49436843 0.16737378 -0.9556855 -0.9215603 0.042700887 -0.57925165 0.62335646 0.6659888 0.5688994 -0.6993334 -0.14594543 -0.040468335 0.08799553
0.22872376 0.4845482 0.29741895 -0.71204567 0.2261895 0.75093555 -0.07797444 -0.07404542 0.15019858 -0.48131514 -0.9097512 0.27073443 -0.40824294 0.40924776 0.4831419 -0.6200707 0.9339062 -0.54600596 0.4352355 0.5753219 -0.38809526 0.9514661 -0.9151386 -0.8365427 -0.7808553 -0.7372601 -0.9767972 0.39648783 0.7264205 -0.49436843 0.16737378 -0.9556855 -0.9215603 0.042700887 -0.57925165 0.62335646 0.6659888 0.5688994 -0.6993334 -0.14594543 -0.040468335 0.08799553
0.22872376 0.4845482 0.29741895 -0.71204567 0.2261895 0.75093555 -0.07797444 -0.07404542 0.15019858 -0.48131514 -0.9097512 0.27073443 -0.40824294 0.40924776 0.4831419 -0.6200707 0.9339062 -0.54600596 0.4352355 0.5753219 -0.38809526 0.9514661 0.26003075 -0.8365427 -0.7808553 -0.7372601 -0.9767972 0.39648783 0.7264205 -0.49436843 0.16737378 -0.9556855 -0.9215603 0.042700887 -0.57925165 0.62335646 0.6659888 0.5688994 -0.6993334 -0.14594543 -0.040468335 0.08799553
0.22872376 0.4845482 0.29741895 -0.71204567 0.2261895 0.75093555 -0.07797444 -0.07404542 0.15019858 -0.48131514 -0.9097512 0.27073443 -0.40824294 0.40924776 0.4831419 -0.6200707 0.9339062 -0.54600596 0.4352355 0.5753219 -0.38809526 0.9514661 -0.9151386 -0.8365427 -0.7808553 -0.7372601 -0.9767972 0.39648783 0.7264205 -0.49436843 0.16737378 -0.9556855 -0.9215603 0.042700887 -0.57925165 0.62335646 0.6659888 0.5688994 -0.6993334 -0.14594543 -0.040468335 0.08799553
0.22872376 0.4845482 0.29741895 -0.71204567 0.2261895 0.75093555 -0.07797444 -0.07404542 0.15019858 -0.48131514 -0.9097512 0.27073443 -0.40824294 0.40924776 0.4831419 -0.6200707 0.9339062 -0.54600596 0.4352355 0.5753219 -0.38809526 0.9514661 -0.9151386 -0.8365427 -0.7808553 -0.7372601 -0.9767972 0.39648783 0.7264205 -0.49436843 0.16737378 -0.9556855 -0.9215603 0.042700887 -0.57925165 0.62335646 0.6659888 0.5688994 -0.6993334 -0.14594543 -0.040468335 0.08799553
0.22872376 0.4845482 0.29741895 -0.29320168 0.2261895 0.75093555 -0.07797444 -0.07404542 0.15019858 -0.48131514 -0.9097512 0.27073443 -0.40824294 0.40924776 0.4831419 -0.6200707 0.9339062 -0.54600596 0.4352355 0.5753219 -0.38809526 0.9514661 0.26003075 -0.8365427 -0.7808553 -0.7372601 -0.9767972 0.39648783 0.7264205 -0.49436843 0.16737378 -0.9556855 -0.9215603 0.042700887 -0.57925165 0.62335646 0.6659888 0.5688994 -0.6993334 -0.14594543 -0.040468335 0.08799553
0.22872376 0.4845482 0.29741895 -0.71204567 0.2261895 0.75093555 -0.07797444 -0.07404542 0.15019858 -0.48131514 -0.9097512 0.27073443 -0.40824294 0.40924776 0.4831419 -0.6200707 0.9339062 -0.54600596 0.4352355 0.5753219 -0.38809526 0.9514661 -0.9151386 -0.8365427 -0.7808553 -0.7372601 -0.9767972 0.39648783 0.7264205 -0.49436843 0.16737378 -0.9556855 -0.9215603 0.042700887 -0.57925165 0.62335646 0.6659888 0.5688994 -0.6993334 -0.14594543 -0.040468335 0.08799553
0.22872376 0.4845482 0.29741895 -0.71204567 0.2261895 0.75093555 -0.07797444 -0.07404542 0.15019858 -0.48131514 -0.9097512 0.27073443 -0.40824294 0.40924776 0.4831419 -0.6200707 0.9339062 -0.54600596 0.4352355 0.5753219 -0.38809526 0.9514661 -0.9151386 -0.8365427 -0.7808553 -0.7372601 -0.9767972 0.39648783 0.7264205 -0.49436843 0.16737378 -0.9556855 -0.9215603 0.042700887 -0.57925165 0.62335646 0.6659888 0.5688994 -0.6993334 -0.14594543 -0.040468335 0.08799553
0.22872376 0.4845482 0.29741895 -0.71204567 0.2261895 0.75093555 -0.07797444 -0.07404542 0.15019858 -0.48131514 -0.9097512 0.27073443 -0.40824294 0.40924776 0.4831419 -0.6200707 0.9339062 -0.54600596 0.4352355 0.5753219 -0.38809526 0.9514661 -0.9151386 -0.8365427 -0.7808553 -0.7372601 -0.9767972 0.39648783 0.7264205 -0.49436843 0.16737378 -0.9556855 -0.9215603 0.042700887 -0.57925165 0.62335646 0.6659888 0.5688994 -0.6993334 -0.14594543 -0.040468335 0.08799553
0.22872376 0.4845482 0.29741895 -0.71204567 0.2261895 0.75093555 -0.07797444 -0.07404542 0.15019858 -0.48131514 -0.9097512 0.27073443 -0.40824294 0.40924776 0.4831419 -0.6200707 0.9339062 -0.54600596 0.4352355 0.5753219 -0.38809526 0.9514661 -0.9151386 -0.65028846 -0.7808553 -0.7372601 -0.9767972 0.39648783 0.7264205 -0.49436843 0.16737378 -0.9556855 -0.9215603 -0.42135727 -0.3634956 0.62335646 0.6659888 0.5688994 -0.6993334 -0.4549067 -0.040468335 0.08799553
0.22872376 0.4845482 0.29741895 -0.71204567 0.2261895 0.75093555 -0.07797444 -0.07404542 0.15019858 -0.48131514 -0.9097512 0.27073443 -0.40824294 0.40924776 0.4831419 -0.6200707 0.9339062 -0.54600596 0.4352355 0.5753219 -0.38809526 0.9514661 0.26003075 -0.8365427 -0.7808553 -0.7372601 -0.9767972 0.39648783 0.7264205 -0.49436843 0.16737378 -0.9556855 -0.9215603 0.042700887 -0.57925165 0.62335646 0.6659888 0.5688994 -0.6993334 -0.14594543 -0.040468335 0.08799553
0.22872376 0.4845482 0.29741895 -0.29320168 0.2261895 0.75093555 -0.07797444 -0.07404542 0.15019858 -0.48131514 -0.9097512 0.27073443 -0.40824294 -0.96550274 0.4831419 -0.6200707 0.9339062 -0.54600596 0.4352355 0.5753219 -0.46155822 0.9514661 -0.9151386 -0.8365427 -0.7808553 -0.7372601 -0.9767972 0.39648783 0.7264205 -0.49436843 0.16737378 -0.9556855 -0.9215603 0.042700887 -0.3634956 0.62335646 0.6659888 0.5688994 -0.6993334 0.37528765 -0.040468335 0.08799553
0.22872376 0.4845482 0.29741895 -0.29320168 0.2261895 0.75093555 -0.07797444 -0.07404542 0.15019858 -0.48131514 -0.9097512 0.27073443 -0.40824294 0.40924776 0.4831419 -0.6200707 0.9339062 -0.54600596 0.4352355 0.5753219 -0.38809526 0.9514661 0.26003075 -0.8365427 -0.7808553 -0.7372601 -0.9767972 0.39648783 0.7264205 -0.49436843 0.16737378 -0.9556855 -0.9215603 0.042700887 -0.57925165 0.62335646 0.6659888 0.5688994 -0.6993334 -0.14594543 -0.040468335 0.08799553
0.22872376 0.4845482 0.29741895 -0.71204567 0.2261895 0.75093555 -0.07797444 -0.07404542 0.15019858 -0.48131514 -0.9097512 0.27073443 -0.40824294 0.40924776 0.4831419 -0.6200707 0.9339062 -0.54600596 0.4352355 0.5753219 -0.38809526 0.9514661 -0.9151386 -0.8365427 -0.7808553 -0.7372601 -0.9767972 0.39648783 0.7264205 -0.49436843 0.16737378 -0.9556855 -0.9215603 0.042700887 -0.57925165 0.62335646 0.6659888 0.5688994 -0.6993334 -0.14594543 -0.040468335 0.08799553
0.22872376 0.4845482 0.29741895 -0.71204567 0.2261895 0.75093555 -0.07797444 -0.07404542 0.15019858 -0.48131514 -0.9097512 0.27073443 -0.40824294 0.40924776 0.4831419 -0.6200707 0.9339062 -0.54600596 0.4352355 0.5753219 -0.38809526 0.9514661 -0.9151386 -0.8365427 -0.7808553 -0.7372601 -0.9767972 0.39648783 0.7264205 -0.49436843 0.16737378 -0.9556855 -0.9215603 0.042700887 -0.57925165 0.62335646 0.6659888 0.5688994 -0.6993334 -0.14594543 -0.040468335 0.08799553
0.22872376 0.4845482 0.29741895 -0.29320168 0.2261895 0.75093555 -0.07797444 -0.07404542 0.15019858 -0.48131514 -0.9097512 0.27073443 -0.40824294 0.40924776 0.4831419 -0.6200707 0.9339062 -0.54600596 0.4352355 0.5753219 -0.38809526 0.9514661 0.26003075 -0.8365427 -0.7808553 -0.7372601 -0.9767972 0.39648783 0.7264205 -0.49436843 0.16737378 -0.9556855 -0.9215603 0.042700887 -0.57925165 0.62335646 0.6659888 0.5688994 -0.6993334 -0.14594543 -0.040468335 0.08799553
0.22872376 0.4845482 0.29741895 -0.29320168 0.2261895 0.75093555 -0.07797444 -0.07404542 0.15019858 -0.48131514 -0.9097512 0.27073443 -0.40824294 0.40924776 0.4831419 -0.6200707 0.9339062 -0.54600596 0.4352355 0.5753219 -0.38809526 0.9514661 0.26003075 -0.8365427 -0.7808553 -0.7372601 -0.9767972 0.39648783 0.7264205 -0.49436843 0.16737378 -0.9556855 -0.9215603 0.042700887 -0.57925165 0.62335646 0.6659888 0.5688994 -0.6993334 -0.14594543 -0.040468335 0.08799553
0.22872376 0.4845482 0.29741895 -0.29320168 0.2261895 0.75093555 -0.07797444 -0.07404542 0.15019858 -0.48131514 -0.9097512 -0.8768294 -0.40824294 0.40924776 0.4831419 -0.6200707 0.6507497 -0.54600596 0.4352355 0.5753219 -0.38809526 0.9514661 0.26003075 -0.8365427 -0.7808553 -0.7372601 -0.9767972 0.39648783 0.7264205 -0.49436843 0.16737378 -0.9556855 0.5023103 0.82258034 -0.57925165 0.40244496 0.6659888 0.5688994 -0.6993334 -0.14594543 -0.040468335 0.08799553
0.22872376 0.4845482 0.29741895 -0.71204567 0.2261895 0.75093555 -0.07797444 -0.07404542 0.15019858 -0.48131514 -0.9097512 0.27073443 -0.40824294 0.40924776 0.4831419 -0.6200707 0.9339062 -0.54600596 0.4352355 0.5753219 -0.38809526 0.9514661 0.26003075 -0.65028846 -0.7808553 -0.7372601 -0.9767972 0.39648783 0.7264205 -0.49436843 0.16737378 -0.9556855 -0.9215603 -0.42135727 -0.57925165 0.62335646 0.6659888 0.5688994 -0.6993334 -0.4549067 -0.040468335 0.08799553
0.22872376 0.4845482 0.29741895 -0.29320168 0.2261895 0.75093555 -0.07797444 -0.07404542 0.15019858 -0.48131514 -0.9097512 0.27073443 -0.40824294 0.40924776 0.4831419 -0.6200707 0.9339062 -0.54600596 0.4352355 0.5753219 -0.38809526 0.9514661 0.26003075 -0.8365427 -0.7808553 -0.7372601 -0.9767972 0.39648783 0.7264205 -0.49436843 0.16737378 -0.9556855 -0.9215603 -0.7187234 -0.57925165 0.62335646 0.6659888 0.5688994 -0.6993334 -0.14594543 -0.040468335 0.08799553
0.22872376 0.4845482 0.29741895 -0.71204567 0.2261895 0.75093555 -0.07797444 -0.07404542 0.15019858 -0.48131514 -0.9097512 0.27073443 -0.40824294 0.40924776 0.4831419 -0.6200707 0.9339062 -0.54600596 0.4352355 0.5753219 -0.38809526 0.9514661 0.26003075 -0.65028846 -0.7808553 -0.7372601 -0.9767972 0.39648783 0.7264205 -0.49436843 0.16737378 -0.9556855 -0.9215603 -0.42135727 -0.57925165 0.62335646 0.6659888 0.5688994 -0.6993334 -0.4549067 -0.040468335 0.08799553
0.22872376 0.4845482 0.29741895 -0.71204567 0.2261895 0.75093555 -0.07797444 -0.07404542 0.15019858 -0.48131514 -0.9097512 0.27073443 -0.40824294 0.40924776 0.4831419 -0.6200707 0.9339062 -0.54600596 0.4352355 0.5753219 -0.38809526 0.9514661 0.26003075 -0.65028846 -0.7808553 -0.7372601 -0.9767972 0.39648783 0.7264205 -0.49436843 0.16737378 -0.9556855 -0.9215603 -0.42135727 -0.57925165 0.62335646 0.6659888 0.5688994 -0.6993334 -0.4549067 -0.040468335 0.08799553
0.22872376 0.4845482 0.29741895 -0.71204567 0.2261895 0.75093555 -0.07797444 -0.07404542 0.15019858 -0.48131514 -0.9097512 0.27073443 -0.40824294 0.40924776 0.4831419 -0.6200707 0.9339062 -0.54600596 0.4352355 0.5753219 -0.38809526 0.9514661 0.26003075 -0.65028846 -0.7808553 -0.7372601 -0.9767972 0.39648783 0.7264205 -0.49436843 0.16737378 -0.9556855 -0.9215603 -0.42135727 -0.57925165 0.62335646 0.6659888 0.5688994 -0.6993334 -0.4549067 -0.040468335 0.08799553
0.22872376 0.4845482 0.29741895 -0.71204567 0.2261895 0.75093555 -0.07797444 -0.07404542 0.15019858 -0.48131514 -0.9097512 0.27073443 -0.40824294 0.40924776 0.4831419 -0.6200707 0.9339062 -0.54600596 0.4352355 0.5753219 -0.38809526 0.9514661 0.26003075 -0.65028846 -0.7808553 -0.7372601 -0.9767972 0.39648783 0.7264205 -0.49436843 0.16737378 -0.9556855 -0.9215603 -0.42135727 -0.57925165 0.62335646 0.6659888 0.5688994 -0.6993334 -0.4549067 -0.040468335 0.08799553
0.22872376 0.4845482 0.29741895 -0.71204567 -0.33607733 0.75093555 -0.07797444 -0.07404542 0.15019858 -0.48131514 -0.9097512 -0.5836023 -0.40824294 0.57705116 0.34858358 -0.6200707 -0.9311342 -0.54600596 0.4352355 0.5753219 -0.38809526 0.9514661 -0.3299688 -0.65028846 -0.7808553 -0.7372601 -0.9767972 0.39648783 0.7264205 -0.49436843 0.16737378 -0.25859284 -0.9215603 -0.42135727 -0.57925165 0.62335646 0.6659888 0.2722659 -0.6993334 -0.4549067 -0.040468335 0.08799553
0.22872376 0.4845482 0.29741895 -0.71204567 0.2261895 0.75093555 -0.07797444 -0.07404542 0.15019858 -0.48131514 -0.9097512 0.27073443 -0.40824294 0.40924776 0.4831419 -0.6200707 0.9339062 -0.54600596 0.4352355 0.5753219 -0.38809526 0.9514661 0.26003075 -0.65028846 -0.7808553 -0.7372601 -0.9767972 0.39648783 0.7264205 -0.49436843 0.16737378 -0.9556855 -0.9215603 -0.42135727 -0.57925165 0.62335646 0.6659888 0.5688994 -0.6993334 -0.4549067 -0.040468335 0.08799553
0.22872376 0.4845482 0.29741895 -0.71204567 0.2261895 0.75093555 -0.07797444 -0.07404542 0.15019858 -0.48131514 -0.9097512 0.27073443 -0.40824294 0.40924776 0.4831419 -0.6200707 0.9339062 -0.54600596 0.4352355 0.5753219 -0.38809526 0.9514661 0.26003075 -0.65028846 -0.7808553 -0.7372601 -0.9767972 0.39648783 0.7264205 -0.49436843 0.16737378 -0.9556855 -0.9215603 -0.42135727 -0.57925165 0.62335646 0.6659888 0.5688994 -0.6993334 -0.4549067 -0.040468335 0.08799553
0.22872376 0.4845482 0.29741895 -0.71204567 -0.33607733 0.75093555 -0.07797444 -0.07404542 0.15019858 -0.48131514 -0.9097512 -0.5836023 -0.40824294 0.57705116 0.34858358 -0.6200707 -0.9311342 -0.54600596 0.4352355 0.5753219 -0.38809526 0.9514661 -0.3299688 -0.65028846 -0.7808553 -0.7372601 -0.9767972 0.39648783 0.7264205 -0.49436843 0.16737378 -0.25859284 -0.9215603 -0.42135727 -0.57925165 0.62335646 0.6659888 0.2722659 -0.6993334 -0.4549067 -0.040468335 0.08799553
0.22872376 0.4845482 0.29741895 -0.71204567 0.2261895 0.75093555 -0.07797444 0.46414733 0.15019858 -0.48131514 -0.9097512 0.27073443 -0.40824294 0.40924776 0.4831419 -0.6200707 0.9339062 -0.54600596 0.4352355 0.5753219 -0.38809526 -0.5072546 0.26003075 -0.3548702 -0.7808553 -0.7372601 -0.9767972 0.39648783 0.7264205 -0.49436843 0.16737378 -0.9556855 -0.9215603 0.042700887 -0.57925165 0.9810622 0.6659888 0.5688994 -0.6993334 -0.14594543 -0.040468335 0.08799553
0.22872376 0.4845482 0.29741895 -0.71204567 0.2261895 0.75093555 -0.07797444 0.46414733 0.15019858 -0.48131514 -0.9097512 0.27073443 -0.40824294 0.40924776 0.4831419 -0.6200707 0.9339062 -0.54600596 0.4352355 0.5753219 -0.38809526 -0.5072546 0.26003075 -0.3548702 -0.7808553 -0.7372601 -0.9767972 0.39648783 0.7264205 -0.49436843 0.16737378 -0.9556855 -0.9215603 0.042700887 -0.57925165 0.9810622 0.6659888 0.5688994 -0.6993334 -0.14594543 -0.040468335 0.08799553
0.22872376 0.4845482 0.29741895 -0.71204567 0.2261895 0.75093555 -0.07797444 -0.07404542 0.15019858 -0.48131514 -0.9097512 0.27073443 -0.40824294 0.40924776 0.4831419 -0.6200707 0.9339062 -0.54600596 0.4352355 0.5753219 -0.38809526 0.9514661 0.26003075 -0.65028846 -0.7808553 -0.7372601 -0.9767972 0.39648783 0.7264205 -0.49436843 0.16737378 -0.9556855 -0.9215603 -0.42135727 -0.57925165 0.62335646 0.6659888 0.5688994 -0.6993334 -0.4549067 -0.040468335 0.08799553
0.22872376 0.4845482 0.29741895 -0.71204567 0.2261895 0.75093555 -0.07797444 -0.07404542 0.15019858 -0.48131514 -0.9097512 0.27073443 -0.40824294 0.40924776 0.4831419 -0.6200707 0.9339062 -0.54600596 0.4352355 0.5753219 -0.38809526 0.9514661 0.26003075 -0.65028846 -0.7808553 -0.7372601 -0.9767972 0.39648783 0.7264205 -0.49436843 0.16737378 -0.9556855 -0.9215603 -0.42135727 -0.57925165 0.62335646 0.6659888 0.5688994 -0.6993334 -0.4549067 -0.040468335 0.08799553
0.22872376 0.4845482 0.29741895 -0.71204567 0.2261895 0.75093555 -0.07797444 -0.07404542 0.15019858 -0.48131514 -0.9097512 0.27073443 -0.40824294 0.40924776 0.4831419 -0.6200707 0.9339062 -0.54600596 0.4352355 0.5753219 -0.38809526 0.9514661 0.26003075 -0.65028846 -0.7808553 -0.7372601 -0.9767972 0.39648783 0.7264205 -0.49436843 0.16737378 -0.9556855 -0.9215603 -0.42135727 -0.57925165 0.62335646 0.6659888 0.5688994 -0.6993334 -0.4549067 -0.040468335 0.08799553
0.22872376 0.4845482 -0.59114313 -0.71204567 0.2261895 0.75093555 -0.07797444 -0.07404542 0.15019858 -0.48131514 -0.9097512 -0.86979556 -0.40824294 0.40924776 0.4831419 -0.6200707 0.9339062 -0.53121233 0.4352355 0.5753219 -0.38809526 0.9514661 0.26003075 -0.65028846 -0.7808553 -0.7372601 -0.9767972 0.39648783 0.7264205 -0.36240482 0.16737378 -0.9556855 -0.9215603 -0.42135727 -0.57925165 0.62335646 0.6659888 0.5688994 -0.6993334 -0.4549067 -0.040468335 0.08799553
0.22872376 0.4845482 -0.59114313 -0.71204567 0.2261895 0.75093555 -0.07797444 -0.07404542 0.15019858 -0.48131514 -0.9097512 -0.86979556 -0.40824294 0.40924776 0.4831419 -0.6200707 0.9339062 -0.53121233 0.4352355 0.5753219 -0.38809526 0.9514661 0.26003075 -0.65028846 -0.7808553 -0.7372601 -0.9767972 0.39648783 0.7264205 -0.36240482 0.16737378 -0.9556855 -0.9215603 -0.42135727 -0.57925165 0.62335646 0.6659888 0.5688994 -0.6993334 -0.4549067 -0.040468335 0.08799553
0.22872376 0.4845482 -0.59114313 -0.71204567 0.2261895 0.75093555 -0.07797444 -0.07404542 0.15019858 -0.48131514 -0.9097512 -0.86979556 -0.40824294 0.40924776 0.4831419 -0.6200707 0.9339062 -0.53121233 0.4352355 0.5753219 -0.38809526 0.9514661 0.26003075 -0.65028846 -0.7808553 -0.7372601 -0.9767972 0.39648783 0.7264205 -0.36240482 0.16737378 -0.9556855 -0.9215603 -0.42135727 -0.57925165 0.62335646 0.6659888 0.5688994 -0.6993334 -0.4549067 -0.040468335 0.08799553
0.22872376 0.4845482 0.29741895 -0.71204567 0.2261895 0.75093555 -0.07797444 -0.07404542 0.15019858 -0.48131514 -0.9097512 0.27073443 -0.40824294 0.40924776 0.4831419 -0.6200707 0.9339062 -0.54600596 0.4352355 0.5753219 -0.38809526 0.9514661 0.26003075 -0.65028846 -0.7808553 -0.7372601 -0.9767972 0.39648783 0.7264205 -0.49436843 0.16737378 -0.9556855 -0.9215603 -0.42135727 -0.57925165 0.62335646 0.6659888 0.5688994 -0.6993334 -0.4549067 -0.040468335 0.08799553
0.22872376 0.4845482 0.29741895 -0.71204567 0.2261895 0.75093555 -0.07797444 -0.07404542 0.15019858 -0.48131514 -0.9097512 0.27073443 -0.40824294 0.40924776 0.4831419 -0.6200707 0.9339062 -0.54600596 0.4352355 0.5753219 -0.38809526 0.9514661 0.26003075 -0.65028846 -0.7808553 -0.7372601 -0.9767972 0.39648783 0.7264205 -0.49436843 0.16737378 -0.9556855 -0.9215603 -0.42135727 -0.57925165 0.62335646 0.6659888 0.5688994 -0.6993334 -0.4549067 -0.040468335 0.08799553
0.22872376 0.4845482 0.29741895 -0.71204567 0.2261895 0.75093555 -0.07797444 -0.07404542 0.15019858 -0.48131514 -0.9097512 0.27073443 -0.40824294 0.40924776 0.4831419 -0.6200707 0.9339062 -0.54600596 0.4352355 0.5753219 -0.38809526 0.9514661 0.26003075 -0.65028846 -0.7808553 -0.7372601 -0.9767972 0.39648783 0.7264205 -0.49436843 0.16737378 -0.9556855 -0.9215603 -0.42135727 -0.57925165 0.62335646 0.6659888 0.5688994 -0.6993334 -0.4549067 -0.040468335 0.08799553
0.22872376 0.4845482 0.29741895 -0.71204567 0.2261895 0.75093555 -0.07797444 -0.07404542 0.15019858 -0.48131514 -0.9097512 0.27073443 -0.40824294 0.40924776 0.4831419 -0.6200707 0.9339062 -0.54600596 0.4352355 0.5753219 -0.38809526 0.9514661 0.26003075 -0.65028846 -0.7808553 -0.7372601 -0.9767972 0.39648783 0.7264205 -0.49436843 0.16737378 -0.9556855 -0.9215603 -0.42135727 -0.57925165 0.62335646 0.6659888 0.5688994 -0.6993334 -0.4549067 -0.040468335 0.08799553
0.22872376 0.4845482 0.29741895 -0.71204567 0.2261895 0.75093555 -0.07797444 -0.07404542 0.15019858 -0.48131514 -0.9097512 0.27073443 -0.40824294 0.40924776 0.4831419 -0.6200707 0.9339062 -0.54600596 0.4352355 0.5753219 -0.38809526 0.9514661 0.26003075 -0.65028846 -0.7808553 -0.7372601 -0.9767972 0.39648783 0.7264205 -0.49436843 0.16737378 -0.9556855 -0.9215603 -0.42135727 -0.57925165 0.62335646 0.6659888 0.5688994 -0.6993334 -0.4549067 -0.040468335 0.08799553
0.22872376 0.4845482 -0.59114313 -0.71204567 0.2261895 0.75093555 -0.07797444 -0.07404542 0.15019858 -0.48131514 -0.9097512 -0.86979556 -0.40824294 0.40924776 0.4831419 -0.6200707 0.9339062 -0.53121233 0.4352355 0.5753219 -0.38809526 0.9514661 0.26003075 -0.65028846 -0.7808553 -0.7372601 -0.9767972 0.39648783 0.7264205 -0.36240482 0.16737378 -0.9556855 -0.9215603 -0.42135727 -0.57925165 0.62335646 0.6659888 0.5688994 -0.6993334 -0.4549067 -0.040468335 0.08799553
0.22872376 0.4845482 -0.59114313 -0.71204567 0.2261895 0.75093555 -0.07797444 -0.07404542 0.15019858 -0.48131514 -0.9097512 -0.86979556 -0.40824294 0.40924776 0.4831419 -0.6200707 0.9339062 -0.53121233 0.4352355 0.5753219 -0.38809526 0.9514661 0.26003075 -0.65028846 -0.7808553 -0.7372601 -0.9767972 0.39648783 0.7264205 -0.36240482 0.16737378 -0.9556855 -0.9215603 -0.42135727 -0.57925165 0.62335646 0.6659888 0.5688994 -0.6993334 -0.4549067 -0.040468335 0.08799553
0.22872376 0.4845482 -0.59114313 -0.71204567 0.2261895 0.75093555 -0.07797444 -0.07404542 0.15019858 -0.48131514 0.0238899 -0.86979556 -0.40824294 0.40924776 0.4831419 -0.6200707 0.9339062 -0.53121233 0.4352355 0.5753219 -0.38809526 0.9514661 0.5874605 -0.65028846 -0.7808553 0.027067542 -0.9767972 0.39648783 0.7264205 -0.36240482 0.16737378 -0.9556855 -0.9215603 -0.42135727 -0.57925165 -0.29954302 0.6659888 0.5688994 -0.6993334 -0.4549067 -0.040468335 0.08799553
0.22872376 0.4845482 -0.59114313 -0.71204567 0.2261895 0.75093555 -0.07797444 -0.07404542 0.15019858 -0.48131514 -0.9097512 -0.86979556 -0.40824294 0.40924776 0.4831419 -0.6200707 0.9339062 -0.53121233 0.4352355 0.5753219 -0.38809526 0.9514661 0.26003075 -0.65028846 -0.7808553 -0.7372601 -0.9767972 0.39648783 0.7264205 -0.36240482 0.16737378 -0.9556855 -0.9215603 -0.42135727 -0.57925165 0.62335646 0.6659888 0.5688994 -0.6993334 -0.4549067 -0.040468335 0.08799553
0.22872376 0.4845482 -0.59114313 -0.71204567 0.2261895 0.75093555 -0.07797444 -0.07404542 0.15019858 -0.48131514 0.0238899 -0.86979556 -0.40824294 0.40924776 0.4831419 -0.6200707 0.9339062 -0.53121233 0.4352355 0.5753219 -0.38809526 0.9514661 0.5874605 -0.65028846 -0.7808553 0.027067542 -0.9767972 0.39648783 0.7264205 -0.36240482 0.16737378 -0.9556855 -0.9215603 -0.42135727 -0.57925165 -0.29954302 0.6659888 0.5688994 -0.6993334 -0.4549067 -0.040468335 0.08799553
0.22872376 0.4845482 0.29741895 -0.71204567 0.2261895 0.75093555 -0.07797444 -0.07404542 0.15019858 -0.48131514 -0.9097512 -0.86979556 -0.40824294 0.40924776 0.4831419 -0.6200707 0.9339062 -0.53121233 0.4352355 0.5753219 -0.38809526 0.9514661 0.26003075 -0.65028846 -0.7808553 0.027067542 -0.9767972 0.39648783 0.7264205 -0.36240482 0.16737378 -0.9556855 -0.9215603 -0.42135727 -0.57925165 -0.29954302 0.6659888 0.5688994 -0.6993334 -0.4549067 -0.040468335 0.08799553
0.22872376 0.4845482 -0.59114313 -0.71204567 0.2261895 0.75093555 -0.07797444 -0.07404542 0.15019858 -0.48131514 -0.9097512 -0.86979556 -0.40824294 0.40924776 0.4831419 -0.6200707 0.9339062 -0.53121233 0.4352355 0.5753219 -0.38809526 0.9514661 0.26003075 -0.65028846 -0.7808553 -0.7372601 -0.9767972 0.39648783 0.7264205 -0.36240482 0.16737378 -0.9556855 -0.9215603 -0.42135727 -0.57925165 0.62335646 0.6659888 0.5688994 -0.6993334 -0.4549067 -0.040468335 0.08799553
0.22872376 0.4845482 -0.59114313 -0.71204567 0.2261895 0.75093555 -0.07797444 -0.07404542 0.15019858 -0.48131514 0.0238899 -0.86979556 -0.40824294 0.40924776 0.4831419 -0.6200707 0.9339062 -0.53121233 0.4352355 0.5753219 -0.38809526 0.9514661 0.5874605 -0.65028846 -0.7808553 0.027067542 -0.9767972 0.39648783 0.7264205 -0.36240482 0.16737378 -0.9556855 -0.9215603 -0.42135727 -0.57925165 -0.29954302 0.6659888 0.5688994 -0.6993334 -0.4549067 -0.040468335 0.08799553
0.22872376 0.4845482 -0.59114313 -0.71204567 0.2261895 0.75093555 -0.07797444 -0.07404542 0.15019858 -0.48131514 -0.9097512 -0.86979556 -0.40824294 0.40924776 0.4831419 -0.6200707 0.9339062 -0.53121233 0.4352355 0.5753219 -0.38809526 0.9514661 0.26003075 -0.65028846 -0.7808553 -0.7372601 -0.9767972 0.39648783 0.7264205 -0.36240482 0.16737378 -0.9556855 -0.9215603 -0.42135727 -0.57925165 0.62335646 0.6659888 0.5688994 -0.6993334 -0.4549067 -0.040468335 0.08799553
0.22872376 0.4845482 -0.59114313 -0.71204567 0.2261895 0.75093555 -0.07797444 -0.07404542 0.15019858 -0.48131514 0.0238899 -0.86979556 -0.40824294 0.40924776 0.4831419 -0.6200707 0.9339062 -0.53121233 0.4352355 0.5753219 -0.38809526 0.9514661 0.5874605 -0.65028846 -0.7808553 0.027067542 -0.9767972 0.39648783 0.7264205 -0.36240482 0.16737378 -0.9556855 -0.9215603 -0.42135727 -0.57925165 -0.29954302 0.6659888 0.5688994 -0.6993334 -0.4549067 -0.040468335 0.08799553
0.22872376 0.4845482 -0.59114313 -0.71204567 0.2261895 0.75093555 -0.07797444 -0.07404542 0.15019858 -0.48131514 -0.9097512 0.27073443 -0.40824294 0.40924776 0.4831419 -0.6200707 0.9339062 -0.54600596 0.4352355 0.5753219 -0.38809526 0.9514661 0.26003075 -0.65028846 -0.7808553 -0.7372601 -0.9767972 0.39648783 0.7264205 -0.49436843 0.16737378 -0.9556855 -0.9215603 -0.42135727 -0.57925165 0.62335646 0.6659888 0.5688994 -0.6993334 -0.4549067 -0.040468335 0.08799553
0.22872376 0.4845482 -0.59114313 -0.71204567 0.2261895 0.75093555 -0.07797444 -0.07404542 0.15019858 -0.48131514 -0.9097512 -0.86979556 -0.40824294 0.40924776 0.4831419 -0.6200707 0.9339062 -0.53121233 0.4352355 0.5753219 -0.38809526 0.9514661 0.26003075 -0.65028846 -0.7808553 -0.7372601 -0.9767972 0.39648783 0.7264205 -0.36240482 0.16737378 -0.9556855 -0.9215603 -0.42135727 -0.57925165 0.62335646 0.6659888 0.5688994 -0.6993334 -0.4549067 -0.040468335 0.08799553
0.22872376 0.4845482 -0.59114313 -0.71204567 0.2261895 0.75093555 -0.07797444 -0.07404542 0.15019858 -0.48131514 -0.9097512 0.27073443 -0.40824294 0.40924776 0.4831419 -0.6200707 0.9339062 -0.54600596 0.4352355 0.5753219 -0.38809526 0.9514661 0.26003075 -0.65028846 -0.7808553 -0.7372601 -0.9767972 0.39648783 0.7264205 -0.49436843 0.16737378 -0.9556855 -0.9215603 -0.42135727 -0.57925165 0.62335646 0.6659888 0.5688994 -0.6993334 -0.4549067 -0.040468335 0.08799553
0.22872376 0.4845482 -0.59114313 -0.71204567 0.2261895 0.75093555 -0.07797444 -0.07404542 0.15019858 -0.48131514 -0.9097512 -0.86979556 -0.40824294 0.40924776 0.4831419 -0.6200707 0.9339062 -0.53121233 0.4352355 0.5753219 -0.38809526 0.9514661 0.26003075 -0.65028846 -0.7808553 -0.7372601 -0.9767972 0.39648783 0.7264205 -0.36240482 0.16737378 -0.9556855 -0.9215603 -0.42135727 -0.57925165 0.62335646 0.6659888 0.5688994 -0.6993334 -0.4549067 -0.040468335 0.08799553
0.22872376 0.4845482 -0.59114313 -0.71204567 0.2261895 0.75093555 0.88362944 -0.07404542 0.1713438 -0.48131514 -0.9097512 -0.86979556 -0.40824294 0.40924776 0.4831419 -0.6200707 0.9339062 -0.53121233 0.4352355 0.5753219 -0.38809526 0.9514661 0.26003075 -0.65028846 -0.7808553 -0.7372601 -0.9767972 0.39648783 0.7264205 -0.36240482 0.16737378 -0.9556855 -0.9215603 -0.42135727 -0.57925165 0.62335646 0.6659888 0.5688994 -0.6993334 -0.4549067 -0.040468335 0.08799553
0.22872376 0.4845482 -0.59114313 -0.71204567 0.8806664 0.75093555 0.17126954 -0.07404542 0.15019858 -0.48131514 -0.99006486 0.19593418 -0.40824294 0.40924776 0.4831419 -0.6200707 0.9339062 -0.53121233 0.4352355 0.5753219 -0.38809526 0.9514661 0.26003075 -0.65028846 -0.7808553 -0.7372601 -0.9767972 0.39648783 0.7264205 -0.36240482 0.16737378 -0.9556855 -0.9215603 -0.42135727 -0.57925165 0.62335646 0.6659888 0.5688994 -0.69163096 -0.76909804 -0.040468335 0.08799553
0.22872376 0.4845482 -0.59114313 -0.71204567 0.8806664 0.75093555 0.17126954 -0.07404542 0.15019858 -0.48131514 -0.99006486 0.19593418 -0.40824294 0.40924776 0.4831419 -0.6200707 0.9339062 -0.53121233 0.4352355 0.5753219 -0.38809526 0.9514661 0.26003075 -0.65028846 -0.7808553 -0.7372601 -0.9767972 0.39648783 0.7264205 -0.36240482 0.16737378 -0.9556855 -0.9215603 -0.42135727 -0.57925165 0.62335646 0.6659888 0.5688994 -0.69163096 -0.76909804 -0.040468335 0.08799553
0.22872376 0.4845482 -0.59114313 -0.71204567 0.2261895 0.75093555 -0.07797444 -0.07404542 0.15019858 -0.48131514 -0.9097512 -0.86979556 -0.40824294 0.40924776 0.4831419 -0.6200707 0.9339062 -0.53121233 0.4352355 0.5753219 -0.38809526 0.9514661 0.26003075 -0.65028846 -0.7808553 -0.7372601 -0.9767972 0.39648783 0.7264205 -0.36240482 0.16737378 -0.9556855 -0.9215603 -0.42135727 -0.57925165 0.62335646 0.6659888 0.5688994 -0.6993334 -0.4549067 -0.040468335 0.08799553
0.22872376 0.4845482 -0.59114313 -0.71204567 0.2261895 0.75093555 0.5593488 -0.07404542 0.15019858 -0.48131514 -0.9097512 0.27073443 -0.40824294 0.40924776 0.4831419 -0.6200707 0.9339062 -0.54600596 0.4352355 0.5753219 -0.38809526 0.9514661 0.26003075 -0.65028846 -0.7808553 -0.7372601 -0.9767972 0.39648783 0.7264205 -0.49436843 0.53208184 -0.9556855 -0.9215603 -0.42135727 -0.57925165 0.62335646 0.6659888 0.5688994 -0.6993334 -0.4549067 -0.040468335 0.08799553
0.22872376 0.4845482 -0.59114313 -0.71204567 0.2261895 0.75093555 0.5593488 -0.07404542 0.15019858 -0.48131514 -0.9097512 0.27073443 0.665267 -0.09852028 0.4831419 -0.6200707 -0.74244237 -0.54600596 0.4352355 0.5753219 0.24005675 0.9514661 0.26003075 -0.65028846 -0.7808553 -0.7372601 -0.9767972 0.39648783 0.7264205 -0.49436843 0.53208184 -0.9556855 -0.9215603 -0.42135727 -0.57925165 0.62335646 0.6659888 0.5688994 -0.6993334 -0.4549067 -0.040468335 -0.3961388
0.22872376 0.4845482 -0.59114313 -0.71204567 0.2261895 0.75093555 -0.07797444 -0.07404542 0.15019858 -0.48131514 -0.9097512 -0.86979556 0.8939223 0.40924776 0.4831419 -0.6200707 0.9339062 0.2732283 0.4352355 0.5753219 -0.38809526 0.9514661 0.26003075 -0.65028846 -0.7808553 -0.7372601 -0.9767972 0.39648783 0.7264205 -0.36240482 0.16737378 -0.9556855 -0.9215603 -0.42135727 -0.57925165 0.62335646 0.6659888 0.5688994 -0.6993334 -0.4549067 -0.040468335 0.08799553
0.22872376 0.4845482 -0.59114313 -0.71204567 0.2261895 0.75093555 -0.07797444 -0.07404542 0.15019858 -0.48131514 -0.9097512 0.27073443 -0.40824294 0.40924776 0.4831419 -0.6200707 0.9339062 -0.54600596 0.4352355 0.5753219 -0.38809526 0.9514661 0.26003075 -0.65028846 -0.7808553 -0.7372601 -0.9767972 0.39648783 0.7264205 -0.49436843 0.16737378 -0.9556855 -0.9215603 -0.42135727 -0.57925165 0.62335646 0.6659888 0.5688994 -0.6993334 -0.4549067 -0.040468335 0.08799553
0.22872376 0.4845482 -0.59114313 -0.71204567 0.2261895 0.75093555 -0.07797444 -0.07404542 0.15019858 -0.48131514 -0.9097512 -0.86979556 -0.40824294 0.40924776 0.4831419 -0.6200707 0.9339062 0.2732283 0.4352355 0.5753219 -0.38809526 0.9514661 0.26003075 -0.65028846 -0.7808553 -0.7372601 -0.9767972 0.39648783 0.7264205 -0.36240482 0.16737378 -0.9556855 -0.9215603 -0.42135727 -0.57925165 0.62335646 0.6659888 0.5688994 -0.6993334 -0.4549067 -0.040468335 0.08799553
0.22872376 0.4845482 -0.59114313 -0.71204567 0.2261895 0.75093555 -0.07797444 -0.07404542 0.15019858 -0.48131514 -0.9097512 -0.86979556 -0.40824294 0.40924776 0.4831419 -0.6200707 0.9339062 -0.53121233 0.4352355 0.5753219 -0.38809526 0.9514661 0.26003075 -0.65028846 -0.7808553 -0.7372601 -0.9767972 0.39648783 0.7264205 -0.36240482 0.16737378 -0.9556855 -0.9215603 -0.42135727 -0.57925165 0.62335646 0.6659888 0.5688994 -0.6993334 -0.4549067 -0.040468335 0.08799553
0.22872376 0.4845482 -0.59114313 -0.71204567 0.2261895 0.75093555 -0.07797444 -0.07404542 0.15019858 -0.48131514 -0.9097512 0.27073443 -0.40824294 0.40924776 0.4831419 -0.6200707 0.9339062 -0.54600596 0.4352355 0.5753219 -0.38809526 0.9514661 0.26003075 -0.65028846 -0.7808553 -0.7372601 -0.9767972 0.39648783 0.7264205 -0.49436843 0.16737378 -0.9556855 -0.9215603 -0.42135727 -0.57925165 0.62335646 0.6659888 0.5688994 -0.6993334 -0.4549067 -0.040468335 0.08799553
0.22872376 0.4845482 -0.59114313 -0.71204567 0.2261895 0.75093555 -0.07797444 -0.07404542 0.15019858 -0.48131514 -0.9097512 -0.86979556 -0.40824294 0.40924776 0.4831419 -0.6200707 0.9339062 -0.53121233 0.4352355 0.5753219 -0.38809526 0.9514661 0.26003075 -0.65028846 -0.7808553 -0.7372601 -0.9767972 0.39648783 0.7264205 -0.36240482 0.16737378 -0.9556855 -0.9215603 -0.42135727 -0.57925165 0.62335646 0.6659888 0.5688994 -0.6993334 -0.4549067 -0.040468335 0.08799553
0.22872376 -0.285702 -0.59114313 -0.71204567 -0.7169874 0.75093555 -0.07797444 -0.07404542 0.15019858 -0.48131514 -0.9097512 -0.5474622 -0.9038942 0.40924776 0.4831419 -0.7047324 0.9339062 0.2732283 0.4352355 0.5753219 -0.38809526 0.9514661 0.26003075 -0.65028846 -0.7808553 0.8088881 -0.9767972 0.39648783 -0.8979138 -0.36240482 0.16737378 -0.9556855 -0.19877195 -0.42135727 -0.57925165 0.62335646 0.6659888 0.5688994 -0.6993334 -0.4549067 -0.040468335 0.08799553
0.22872376 0.4845482 -0.59114313 -0.71204567 0.2261895 0.75093555 -0.07797444 -0.07404542 0.15019858 -0.48131514 -0.9097512 0.27073443 -0.40824294 0.40924776 0.4831419 -0.6200707 0.9339062 -0.54600596 0.4352355 0.5753219 -0.38809526 0.9514661 0.26003075 -0.65028846 -0.7808553 -0.7372601 -0.9767972 0.39648783 0.7264205 -0.49436843 0.16737378 -0.9556855 -0.9215603 -0.42135727 -0.57925165 0.62335646 0.6659888 0.5688994 -0.6993334 -0.4549067 -0.040468335 0.08799553
0.22872376 0.4845482 -0.59114313 -0.71204567 0.2261895 0.75093555 -0.07797444 -0.07404542 0.15019858 -0.48131514 -0.9097512 -0.86979556 -0.40824294 0.40924776 0.4831419 -0.6200707 0.9339062 -0.53121233 0.4352355 0.5753219 -0.38809526 0.9514661 0.26003075 -0.65028846 -0.7808553 -0.7372601 -0.9767972 0.39648783 0.7264205 -0.36240482 0.16737378 -0.9556855 -0.9215603 -0.42135727 -0.57925165 0.62335646 0.6659888 0.5688994 -0.6993334 -0.4549067 -0.040468335 0.08799553
0.22872376 0.4845482 -0.59114313 -0.71204567 0.2261895 0.75093555 -0.07797444 -0.07404542 0.15019858 -0.48131514 -0.9097512 0.27073443 -0.40824294 0.40924776 0.4831419 -0.6200707 0.9339062 -0.54600596 0.4352355 0.5753219 -0.38809526 0.9514661 0.26003075 -0.65028846 -0.7808553 -0.7372601 -0.9767972 0.39648783 0.7264205 -0.49436843 0.16737378 -0.9556855 -0.9215603 -0.42135727 -0.57925165 0.62335646 0.6659888 0.5688994 -0.6993334 -0.4549067 -0.040468335 0.08799553
0.22872376 0.4845482 -0.59114313 -0.71204567 0.2261895 0.75093555 -0.07797444 -0.07404542 0.15019858 -0.48131514 -0.9097512 -0.86979556 -0.40824294 0.40924776 0.4831419 -0.6200707 0.9339062 -0.53121233 0.4352355 0.5753219 -0.38809526 0.9514661 0.26003075 -0.65028846 -0.7808553 -0.7372601 -0.9767972 0.39648783 0.7264205 -0.36240482 0.16737378 -0.9556855 -0.9215603 -0.42135727 -0.57925165 0.62335646 0.6659888 0.5688994 -0.6993334 -0.4549067 -0.040468335 0.08799553
0.22872376 0.4845482 -0.59114313 -0.71204567 0.2261895 0.75093555 -0.07797444 -0.07404542 0.15019858 -0.48131514 -0.9097512 -0.86979556 -0.40824294 0.40924776 0.4831419 -0.6200707 0.9339062 -0.53121233 0.4352355 0.5753219 -0.38809526 0.9514661 0.26003075 -0.65028846 -0.7808553 -0.7372601 -0.9767972 0.39648783 0.7264205 -0.36240482 0.16737378 -0.9556855 -0.9215603 -0.42135727 -0.57925165 0.62335646 0.6659888 0.5688994 -0.6993334 -0.4549067 -0.040468335 0.08799553
0.22872376 -0.285702 -0.59114313 -0.71204567 -0.7169874 0.75093555 -0.07797444 -0.07404542 0.15019858 -0.48131514 -0.9097512 -0.5474622 -0.9038942 0.40924776 0.4831419 -0.7047324 0.9339062 0.2732283 0.4352355 0.5753219 -0.38809526 0.9514661 0.26003075 -0.65028846 -0.7808553 0.8088881 -0.9767972 0.39648783 -0.8979138 -0.36240482 0.16737378 -0.9556855 -0.19877195 -0.42135727 -0.57925165 0.62335646 0.6659888 0.5688994 -0.6993334 -0.4549067 -0.040468335 0.08799553
0.22872376 0.4845482 -0.59114313 -0.71204567 0.2261895 0.75093555 -0.07797444 -0.07404542 0.15019858 -0.48131514 -0.9097512 -0.86979556 -0.40824294 0.40924776 0.4831419 -0.6200707 0.9339062 -0.53121233 0.4352355 0.5753219 -0.38809526 0.9514661 0.26003075 -0.65028846 -0.7808553 -0.7372601 -0.9767972 0.39648783 0.7264205 -0.36240482 0.16737378 -0.9556855 -0.9215603 -0.42135727 -0.57925165 0.62335646 0.6659888 0.5688994 -0.6993334 -0.4549067 -0.040468335 0.08799553
0.22872376 0.4845482 -0.59114313 -0.71204567 0.2261895 0.75093555 -0.07797444 -0.07404542 0.15019858 -0.48131514 -0.9097512 -0.86979556 -0.40824294 0.40924776 0.8731308 -0.6200707 0.9339062 -0.53121233 0.4352355 0.5753219 -0.38809526 0.9514661 0.26003075 -0.65028846 -0.7808553 -0.7372601 -0.9767972 0.39648783 0.7264205 -0.36240482 0.91167545 -0.9556855 -0.9215603 -0.42135727 -0.57925165 0.62335646 -0.56107545 0.06855464 -0.6993334 -0.4549067 -0.040468335 0.08799553
0.22872376 0.4845482 -0.59114313 -0.71204567 0.2261895 0.75093555 -0.07797444 -0.07404542 0.15019858 -0.48131514 -0.9097512 -0.86979556 -0.40824294 0.40924776 0.4831419 -0.6200707 0.9339062 -0.53121233 0.4352355 0.5753219 -0.38809526 0.9514661 0.26003075 -0.65028846 -0.7808553 -0.7372601 -0.9767972 0.39648783 0.7264205 -0.36240482 0.16737378 -0.9556855 -0.9215603 -0.42135727 -0.57925165 0.62335646 0.6659888 0.5688994 -0.6993334 -0.4549067 -0.040468335 0.08799553
0.22872376 -0.25219107 -0.59114313 -0.71204567 0.2261895 0.75093555 -0.07797444 -0.07404542 0.15019858 -0.48131514 -0.24764884 -0.86979556 -0.40824294 0.40924776 0.4831419 -0.6200707 0.9339062 -0.53121233 0.4352355 0.5753219 -0.38809526 0.9514661 0.26003075 0.74942136 -0.7808553 -0.7372601 -0.53359365 0.39648783 0.7264205 -0.36240482 0.16737378 -0.9556855 -0.9215603 -0.42135727 -0.57925165 0.62335646 0.59821284 0.5688994 -0.6993334 -0.4549067 -0.040468335 0.08799553
0.22872376 -0.25219107 -0.59114313 -0.71204567 0.2261895 0.75093555 -0.07797444 -0.07404542 0.15019858 -0.48131514 -0.9097512 -0.86979556 -0.40824294 0.40924776 0.4831419 -0.6200707 0.9339062 -0.53121233 0.4352355 0.5753219 -0.38809526 0.9514661 0.26003075 0.74942136 -0.7808553 -0.7372601 -0.9767972 0.39648783 0.7264205 -0.36240482 0.16737378 -0.9556855 -0.9215603 -0.42135727 -0.57925165 0.62335646 0.6659888 0.5688994 -0.6993334 -0.4549067 -0.040468335 0.08799553
0.22872376 0.4845482 -0.59114313 -0.71204567 0.2261895 0.75093555 -0.07797444 -0.07404542 0.15019858 -0.48131514 -0.9097512 -0.86979556 -0.40824294 0.40924776 0.4831419 -0.6200707 0.9339062 -0.53121233 0.4352355 0.5753219 -0.38809526 0.9514661 0.26003075 -0.65028846 -0.7808553 -0.7372601 -0.9767972 0.39648783 0.7264205 -0.36240482 0.16737378 -0.9556855 -0.9215603 -0.42135727 -0.57925165 0.62335646 0.6659888 0.5688994 -0.6993334 -0.4549067 -0.040468335 0.08799553
0.22872376 0.4845482 -0.59114313 -0.71204567 0.2261895 0.75093555 -0.07797444 -0.07404542 0.15019858 -0.48131514 -0.9097512 -0.86979556 -0.40824294 0.40924776 0.4831419 -0.6200707 0.9339062 -0.53121233 0.4352355 0.5753219 -0.38809526 0.9514661 0.26003075 -0.65028846 -0.7808553 -0.7372601 -0.9767972 0.39648783 0.7264205 -0.36240482 0.16737378 -0.9556855 -0.9215603 -0.42135727 -0.57925165 0.62335646 0.6659888 0.5688994 -0.6993334 -0.4549067 -0.040468335 0.08799553
0.22872376 0.4845482 -0.59114313 -0.71204567 0.2261895 0.75093555 -0.07797444 -0.07404542 0.15019858 -0.48131514 -0.9097512 -0.86979556 -0.40824294 0.40924776 0.4831419 -0.6200707 0.9339062 -0.53121233 0.4352355 0.5753219 -0.38809526 0.9514661 0.26003075 -0.65028846 -0.7808553 -0.7372601 -0.9767972 0.39648783 0.7264205 -0.36240482 0.16737378 -0.9556855 -0.9215603 -0.42135727 -0.57925165 0.62335646 0.6659888 0.06855464 -0.6993334 -0.4549067 -0.040468335 0.08799553
0.22872376 0.4845482 -0.59114313 -0.71204567 0.2261895 0.75093555 -0.07797444 -0.07404542 0.15019858 -0.48131514 -0.9097512 -0.86979556 -0.40824294 0.40924776 0.4831419 -0.6200707 0.9339062 -0.53121233 0.4352355 0.5753219 -0.38809526 0.9514661 0.26003075 -0.65028846 -0.7808553 -0.7372601 -0.9767972 0.39648783 0.7264205 -0.36240482 0.16737378 -0.9556855 -0.9215603 -0.42135727 -0.57925165 0.62335646 0.6659888 0.06855464 -0.6993334 -0.4549067 -0.040468335 0.08799553
0.22872376 0.4845482 -0.59114313 -0.71204567 0.2261895 0.75093555 -0.07797444 -0.07404542 0.15019858 -0.48131514 -0.9097512 -0.86979556 -0.40824294 0.40924776 0.4831419 -0.6200707 0.9339062 -0.53121233 0.4352355 0.5753219 -0.38809526 0.9514661 0.26003075 -0.65028846 -0.7808553 -0.7372601 -0.9767972 0.39648783 0.7264205 -0.36240482 0.16737378 -0.9556855 -0.9215603 -0.42135727 -0.57925165 0.62335646 0.6659888 0.5688994 -0.6993334 -0.4549067 -0.040468335 0.08799553
0.22872376 0.4845482 -0.59114313 -0.71204567 0.2261895 0.75093555 -0.07797444 -0.07404542 0.15019858 -0.48131514 -0.9097512 -0.86979556 -0.40824294 0.40924776 0.4831419 -0.6200707 0.9339062 -0.53121233 0.4352355 0.5753219 -0.38809526 0.9514661 0.26003075 -0.65028846 -0.7808553 -0.7372601 -0.9767972 0.39648783 0.7264205 -0.36240482 0.16737378 -0.9556855 -0.9215603 -0.42135727 -0.57925165 0.62335646 0.6659888 0.06855464 -0.6993334 -0.4549067 -0.040468335 0.08799553
0.22872376 0.4845482 -0.59114313 -0.71204567 0.2261895 0.75093555 -0.07797444 -0.07404542 0.15019858 -0.48131514 -0.9097512 -0.86979556 -0.40824294 0.40924776 0.4831419 -0.6200707 0.9339062 -0.53121233 0.4352355 0.5753219 -0.38809526 0.9514661 0.26003075 -0.65028846 -0.7808553 -0.7372601 -0.9767972 0.39648783 0.7264205 -0.36240482 0.16737378 -0.9556855 -0.9215603 -0.42135727 -0.57925165 0.62335646 0.6659888 0.5688994 -0.6993334 -0.4549067 -0.040468335 0.08799553
0.22872376 0.4845482 -0.59114313 -0.71204567 0.2261895 0.75093555 -0.07797444 -0.07404542 0.15019858 -0.48131514 -0.9097512 -0.86979556 -0.40824294 0.40924776 0.4831419 -0.6200707 0.9339062 -0.53121233 0.4352355 0.5753219 -0.38809526 0.9514661 0.26003075 -0.65028846 -0.7808553 -0.7372601 -0.9767972 0.39648783 0.7264205 -0.36240482 0.16737378 -0.9556855 -0.9215603 -0.42135727 -0.57925165 0.62335646 0.6659888 0.5688994 -0.6993334 -0.4549067 -0.040468335 0.08799553
0.22872376 0.4845482 -0.59114313 -0.71204567 0.2261895 0.75093555 -0.07797444 -0.07404542 0.15019858 -0.48131514 -0.9097512 -0.86979556 -0.40824294 0.40924776 0.4831419 -0.6200707 0.9339062 -0.53121233 0.4352355 0.5753219 -0.38809526 0.9514661 0.26003075 -0.65028846 -0.7808553 -0.7372601 -0.9767972 0.39648783 0.7264205 -0.36240482 0.16737378 -0.9556855 -0.9215603 -0.42135727 -0.57925165 0.62335646 0.6659888 0.5688994 -0.6993334 -0.4549067 -0.040468335 0.08799553
0.22872376 0.4845482 -0.59114313 -0.71204567 0.2261895 0.75093555 -0.07797444 -0.07404542 0.15019858 -0.48131514 -0.9097512 -0.3783139 -0.40824294 0.40924776 0.4831419 -0.6200707 0.9339062 -0.53121233 0.4352355 0.030686855 -0.38809526 0.9514661 0.26003075 -0.65028846 -0.5609431 -0.7372601 -0.9767972 0.39648783 0.7264205 -0.14974892 0.16737378 -0.9556855 -0.9215603 -0.42135727 -0.57925165 0.62335646 0.6659888 0.5688994 -0.6993334 -0.6576338 -0.040468335 -0.54265153
0.22872376 0.4845482 -0.59114313 -0.71204567 0.2261895 0.75093555 -0.07797444 -0.07404542 0.15019858 -0.48131514 -0.9097512 -0.86979556 -0.40824294 0.40924776 0.4831419 -0.6200707 0.9339062 -0.53121233 0.4352355 0.5753219 -0.38809526 0.9514661 0.26003075 -0.65028846 -0.7808553 -0.7372601 -0.9767972 0.39648783 0.7264205 -0.36240482 0.16737378 -0.9556855 -0.9215603 -0.42135727 -0.57925165 0.62335646 0.6659888 0.5688994 -0.6993334 -0.4549067 -0.040468335 0.08799553
0.22872376 0.4845482 -0.59114313 -0.71204567 0.2261895 0.75093555 -0.07797444 -0.07404542 0.15019858 -0.48131514 -0.9097512 -0.86979556 -0.40824294 0.40924776 0.4831419 -0.6200707 0.9339062 -0.53121233 0.4352355 0.5753219 -0.38809526 0.9514661 0.26003075 -0.65028846 -0.7808553 -0.7372601 -0.9767972 0.39648783 0.7264205 -0.36240482 0.16737378 -0.9556855 -0.9215603 -0.42135727 -0.57925165 0.62335646 0.6659888 0.5688994 -0.6993334 -0.4549067 -0.040468335 0.08799553
0.22872376 0.4845482 -0.59114313 -0.71204567 0.2261895 0.75093555 -0.07797444 -0.07404542 0.15019858 -0.48131514 -0.9097512 -0.86979556 -0.40824294 0.40924776 0.4831419 -0.6200707 0.9339062 -0.53121233 0.4352355 0.5753219 -0.38809526 0.9514661 0.26003075 -0.65028846 -0.7808553 -0.7372601 -0.9767972 0.39648783 0.7264205 -0.36240482 0.16737378 -0.9556855 -0.9215603 -0.42135727 -0.57925165 0.62335646 0.6659888 0.5688994 -0.6993334 -0.4549067 -0.040468335 0.08799553
0.22872376 0.4845482 -0.59114313 -0.71204567 0.2261895 0.75093555 -0.07797444 -0.07404542 0.15019858 -0.48131514 -0.9097512 -0.86979556 -0.40824294 0.40924776 0.4831419 -0.6200707 0.9339062 -0.53121233 0.4352355 0.5753219 -0.38809526 0.9514661 0.26003075 -0.65028846 -0.7808553 -0.7372601 -0.9767972 0.39648783 0.7264205 -0.36240482 0.16737378 -0.9556855 -0.9215603 -0.42135727 -0.57925165 0.62335646 0.6659888 0.5688994 -0.6993334 -0.4549067 -0.040468335 0.08799553
0.22872376 0.4845482 -0.59114313 -0.71204567 0.2261895 0.75093555 -0.8910905 -0.07404542 0.15019858 -0.48131514 -0.7846527 -0.86979556 -0.343099 0.40924776 0.4831419 -0.6200707 0.26702 0.5405407 0.8308846 0.5753219 -0.38809526 0.9514661 0.26003075 0.073194146 -0.7808553 -0.7372601 -0.9767972 0.39648783 0.7264205 -0.36240482 0.16737378 -0.9556855 -0.9215603 -0.42135727 -0.57925165 0.62335646 0.6659888 0.5688994 -0.6993334 -0.4549067 -0.040468335 -0.090343
0.22872376 0.4845482 0.478696 -0.71204567 0.2261895 0.75093555 -0.07797444 -0.07404542 0.15019858 -0.48131514 -0.9097512 -0.3340721 -0.40824294 0.40924776 0.4831419 0.9891037 0.9339062 -0.53121233 0.4352355 0.5753219 -0.38809526 0.9514661 0.63940454 -0.65028846 -0.7808553 -0.7372601 0.26470435 0.72824335 0.7264205 -0.36240482 0.16737378 0.5005814 -0.9215603 -0.42135727 -0.57925165 0.62335646 0.6659888 0.5688994 -0.2599157 -0.4549067 -0.040468335 0.08799553
0.22872376 0.4845482 0.478696 -0.71204567 0.2261895 0.75093555 -0.07797444 -0.07404542 0.15019858 -0.48131514 -0.9097512 -0.3340721 -0.40824294 0.40924776 0.4831419 0.9891037 0.9339062 -0.53121233 0.4352355 0.5753219 -0.38809526 0.9514661 0.63940454 -0.65028846 -0.7808553 -0.7372601 0.26470435 0.72824335 0.7264205 -0.36240482 0.16737378 0.5005814 -0.9215603 -0.42135727 -0.57925165 0.62335646 0.6659888 0.5688994 -0.2599157 -0.4549067 -0.040468335 0.08799553
0.22872376 0.4845482 0.478696 -0.71204567 0.2261895 0.75093555 -0.07797444 -0.07404542 0.15019858 -0.48131514 -0.9097512 -0.3340721 -0.40824294 0.40924776 0.4831419 0.9891037 0.9339062 -0.53121233 0.4352355 0.5753219 -0.38809526 0.9514661 0.63940454 -0.65028846 -0.7808553 -0.7372601 0.26470435 0.72824335 0.7264205 -0.36240482 0.16737378 0.5005814 -0.9215603 -0.42135727 -0.57925165 0.62335646 0.6659888 0.5688994 -0.2599157 -0.4549067 -0.040468335 0.08799553
0.22872376 0.4845482 0.478696 -0.71204567 0.2261895 0.75093555 -0.07797444 -0.07404542 0.15019858 -0.48131514 -0.9097512 -0.3340721 -0.40824294 0.40924776 0.4831419 0.9891037 0.9339062 -0.53121233 0.4352355 0.5753219 -0.38809526 0.9514661 0.63940454 -0.65028846 -0.7808553 -0.7372601 0.26470435 0.72824335 0.7264205 -0.36240482 0.16737378 0.5005814 -0.9215603 -0.42135727 -0.57925165 0.62335646 0.6659888 0.5688994 -0.2599157 -0.4549067 -0.040468335 0.08799553
0.22872376 0.4845482 0.478696 -0.71204567 0.2261895 0.75093555 -0.07797444 -0.07404542 0.15019858 -0.48131514 -0.9097512 -0.3340721 -0.40824294 0.40924776 0.4831419 0.9891037 0.9339062 -0.53121233 0.4352355 0.5753219 -0.38809526 0.9514661 0.63940454 -0.65028846 -0.7808553 -0.7372601 0.26470435 0.72824335 0.7264205 -0.36240482 0.16737378 0.5005814 -0.9215603 -0.42135727 -0.57925165 0.62335646 0.6659888 0.5688994 -0.2599157 -0.4549067 -0.040468335 0.08799553
0.22872376 0.4845482 0.478696 -0.71204567 0.2261895 0.75093555 -0.07797444 -0.07404542 0.15019858 -0.48131514 -0.9097512 -0.3340721 -0.40824294 0.40924776 0.4831419 0.9891037 0.9339062 -0.53121233 0.4352355 0.5753219 -0.38809526 0.9514661 0.63940454 -0.65028846 -0.7808553 -0.7372601 0.26470435 0.72824335 0.7264205 -0.36240482 0.16737378 0.5005814 -0.9215603 -0.42135727 -0.57925165 0.62335646 0.6659888 0.5688994 -0.2599157 -0.4549067 -0.040468335 0.08799553
0.22872376 0.4845482 0.478696 -0.71204567 0.2261895 0.75093555 -0.07797444 -0.07404542 0.15019858 -0.48131514 -0.9097512 -0.3340721 -0.40824294 0.40924776 0.4831419 0.9891037 0.9339062 -0.53121233 0.4352355 0.5753219 -0.38809526 0.9514661 0.63940454 -0.65028846 -0.7808553 -0.7372601 0.26470435 0.72824335 0.7264205 -0.36240482 0.16737378 0.5005814 -0.9215603 -0.42135727 -0.57925165 0.62335646 0.6659888 0.5688994 -0.2599157 -0.4549067 -0.040468335 0.08799553
0.22872376 0.4845482 0.478696 -0.71204567 0.2261895 0.75093555 -0.07797444 -0.07404542 0.15019858 -0.48131514 -0.9097512 -0.3340721 -0.40824294 0.40924776 0.4831419 0.9891037 0.9339062 -0.53121233 0.4352355 0.5753219 -0.38809526 0.9514661 0.63940454 -0.65028846 -0.7808553 -0.7372601 0.26470435 0.72824335 0.7264205 -0.36240482 0.16737378 0.5005814 -0.9215603 -0.42135727 -0.57925165 0.62335646 0.6659888 0.5688994 -0.2599157 -0.4549067 -0.040468335 0.08799553
0.22872376 0.4845482 0.478696 -0.71204567 0.2261895 0.75093555 -0.07797444 -0.07404542 0.15019858 -0.48131514 -0.9097512 -0.3340721 -0.40824294 0.40924776 0.4831419 0.9891037 0.9339062 -0.53121233 0.4352355 0.5753219 -0.38809526 0.9514661 0.63940454 -0.65028846 -0.7808553 -0.7372601 0.26470435 0.72824335 0.7264205 -0.36240482 0.16737378 0.5005814 -0.9215603 -0.42135727 -0.57925165 0.62335646 0.6659888 0.5688994 -0.2599157 -0.4549067 -0.040468335 0.08799553
0.22872376 0.4845482 0.478696 -0.71204567 0.2261895 0.75093555 -0.07797444 -0.07404542 0.15019858 -0.48131514 -0.9097512 -0.3340721 -0.40824294 0.40924776 0.4831419 0.9891037 0.9339062 -0.53121233 0.4352355 0.5753219 -0.38809526 0.9514661 0.63940454 -0.65028846 -0.7808553 -0.7372601 0.26470435 0.72824335 0.7264205 -0.36240482 0.16737378 0.5005814 -0.9215603 -0.42135727 -0.57925165 0.62335646 0.6659888 0.5688994 -0.2599157 -0.4549067 -0.040468335 0.08799553
0.22872376 0.4845482 0.478696 -0.71204567 0.2261895 0.75093555 -0.07797444 -0.07404542 0.15019858 -0.48131514 -0.9097512 -0.3340721 -0.40824294 0.40924776 0.4831419 0.9891037 0.9339062 -0.53121233 0.4352355 0.5753219 -0.38809526 0.9514661 0.63940454 -0.65028846 -0.7808553 -0.7372601 0.26470435 0.72824335 0.7264205 -0.36240482 0.16737378 0.5005814 -0.9215603 -0.42135727 -0.57925165 0.62335646 0.6659888 0.5688994 -0.2599157 -0.4549067 -0.040468335 0.08799553
0.22872376 0.4845482 0.478696 -0.71204567 0.2261895 0.75093555 -0.07797444 -0.07404542 0.15019858 -0.48131514 -0.9097512 -0.3340721 -0.40824294 0.40924776 0.4831419 0.9891037 0.9339062 -0.53121233 0.4352355 0.5753219 -0.38809526 0.9514661 0.63940454 -0.65028846 -0.7808553 -0.7372601 0.26470435 0.72824335 0.7264205 -0.36240482 0.16737378 0.5005814 -0.9215603 -0.42135727 -0.57925165 0.62335646 0.6659888 0.5688994 -0.2599157 -0.4549067 -0.040468335 0.08799553
0.22872376 0.4845482 0.478696 -0.71204567 0.2261895 0.75093555 -0.07797444 -0.07404542 0.15019858 -0.48131514 -0.9097512 -0.3340721 -0.40824294 0.40924776 0.4831419 0.9891037 0.9339062 -0.53121233 0.4352355 0.5753219 -0.38809526 0.9514661 0.63940454 -0.65028846 -0.7808553 -0.7372601 0.26470435 0.72824335 0.7264205 -0.36240482 0.16737378 0.5005814 -0.9215603 -0.42135727 -0.57925165 0.62335646 0.6659888 0.5688994 -0.2599157 -0.4549067 -0.040468335 0.08799553
0.22872376 0.4845482 0.478696 -0.71204567 0.2261895 0.75093555 -0.07797444 -0.07404542 0.15019858 -0.48131514 -0.9097512 -0.86979556 -0.40824294 0.40924776 0.4831419 -0.6200707 0.9339062 -0.53121233 0.4352355 0.5753219 -0.38809526 0.9514661 0.63940454 -0.65028846 -0.7808553 -0.7372601 0.26470435 0.39648783 0.7264205 -0.36240482 0.43651068 -0.9556855 -0.9215603 -0.42135727 -0.57925165 0.62335646 0.6659888 0.06855464 -0.2599157 -0.4549067 -0.040468335 0.08799553
0.22872376 0.4845482 0.478696 -0.71204567 0.2261895 0.75093555 -0.07797444 -0.07404542 0.15019858 -0.48131514 -0.9097512 -0.3340721 -0.40824294 -0.48801744 0.4831419 0.9891037 0.9339062 -0.53121233 0.4352355 0.5753219 -0.38809526 0.9514661 0.63940454 -0.65028846 -0.7808553 -0.7372601 0.26470435 0.068804145 0.7264205 -0.36240482 0.16737378 0.5005814 -0.9215603 -0.42135727 -0.57925165 0.62335646 0.6659888 0.5688994 -0.2599157 -0.4549067 -0.040468335 0.08799553
0.22872376 0.4845482 0.478696 -0.71204567 0.2261895 0.75093555 -0.07797444 -0.07404542 0.15019858 -0.48131514 -0.9097512 -0.3340721 -0.40824294 -0.48801744 0.4831419 0.9891037 0.9339062 -0.53121233 -0.41402042 0.5753219 -0.38809526 0.9514661 0.63940454 -0.65028846 -0.7808553 -0.7372601 0.26470435 0.068804145 0.7264205 -0.36240482 0.16737378 0.5005814 -0.9215603 -0.42135727 -0.57925165 0.62335646 0.6659888 0.5688994 -0.2599157 -0.4549067 -0.040468335 0.08799553
0.22872376 0.4845482 0.478696 -0.71204567 0.2261895 0.75093555 -0.07797444 -0.07404542 0.15019858 -0.48131514 -0.9097512 -0.3340721 -0.40824294 -0.48801744 0.4831419 0.9891037 0.9339062 -0.53121233 0.4352355 0.5753219 -0.38809526 0.9514661 0.63940454 -0.65028846 -0.7808553 -0.7372601 0.26470435 0.068804145 0.7264205 -0.36240482 0.16737378 0.5005814 -0.9215603 -0.42135727 -0.57925165 0.62335646 0.6659888 0.5688994 -0.2599157 -0.4549067 -0.040468335 0.08799553
0.22872376 0.4845482 0.478696 -0.71204567 0.2261895 0.75093555 -0.07797444 -0.07404542 0.15019858 -0.48131514 -0.9097512 -0.3340721 -0.40824294 -0.48801744 0.4831419 0.9891037 0.9339062 -0.53121233 -0.41402042 0.5753219 -0.38809526 0.9514661 0.63940454 -0.65028846 -0.7808553 -0.7372601 0.26470435 0.068804145 0.7264205 -0.36240482 0.16737378 0.5005814 -0.9215603 -0.42135727 -0.57925165 0.62335646 0.6659888 0.5688994 -0.2599157 -0.4549067 -0.040468335 0.08799553
0.22872376 0.4845482 0.478696 -0.71204567 0.2261895 0.75093555 -0.07797444 -0.07404542 0.15019858 -0.48131514 -0.9097512 -0.346887 -0.40824294 -0.48801744 0.4831419 0.9891037 0.9339062 -0.53121233 0.4352355 0.5753219 -0.38809526 0.9514661 0.63940454 -0.65028846 -0.7808553 -0.7372601 0.26470435 0.068804145 0.7264205 -0.36240482 0.43651068 0.5005814 -0.9215603 -0.42135727 -0.57925165 0.62335646 0.6659888 0.5688994 -0.2599157 -0.9943985 -0.040468335 0.4250673
0.22872376 0.4845482 0.478696 -0.71204567 0.2261895 0.75093555 -0.07797444 -0.07404542 0.15019858 -0.48131514 -0.9097512 -0.3340721 -0.40824294 -0.48801744 0.4831419 0.9891037 0.9339062 -0.53121233 -0.41402042 0.5753219 -0.38809526 0.9514661 0.63940454 -0.65028846 -0.7808553 -0.7372601 0.26470435 0.068804145 0.7264205 -0.36240482 0.16737378 0.5005814 -0.9215603 -0.42135727 -0.57925165 0.62335646 0.6659888 0.5688994 -0.2599157 -0.4549067 -0.040468335 0.08799553
0.22872376 0.4845482 0.478696 -0.71204567 0.2261895 0.75093555 -0.07797444 -0.07404542 0.15019858 -0.48131514 -0.9097512 -0.3340721 -0.40824294 -0.48801744 0.4831419 0.9891037 0.9339062 -0.53121233 -0.41402042 0.5753219 -0.38809526 0.9514661 0.63940454 -0.65028846 -0.7808553 -0.7372601 0.26470435 0.068804145 0.7264205 -0.36240482 0.16737378 0.5005814 -0.9215603 -0.42135727 -0.57925165 0.62335646 0.6659888 0.5688994 -0.2599157 -0.4549067 -0.040468335 0.08799553
0.22872376 0.4845482 0.478696 -0.71204567 0.2261895 0.75093555 -0.07797444 -0.07404542 0.15019858 -0.48131514 -0.9097512 -0.3340721 -0.40824294 -0.48801744 0.4831419 0.9891037 0.9339062 -0.53121233 0.4352355 0.5753219 -0.38809526 0.9514661 0.63940454 -0.65028846 -0.7808553 -0.7372601 0.26470435 0.068804145 0.7264205 -0.36240482 0.43651068 0.5005814 -0.9215603 -0.42135727 -0.57925165 0.62335646 0.6659888 0.5688994 -0.2599157 -0.4549067 -0.040468335 0.08799553
0.22872376 0.4845482 0.478696 -0.71204567 0.2261895 0.75093555 -0.07797444 -0.07404542 0.15019858 -0.48131514 -0.9097512 -0.3340721 -0.40824294 0.40924776 0.4831419 -0.6172073 0.9339062 -0.53121233 0.4352355 0.5753219 -0.38809526 0.9514661 0.63940454 -0.65028846 -0.56850183 -0.7372601 0.0045936108 0.72824335 0.7264205 -0.36240482 0.16737378 0.5005814 -0.9215603 -0.42135727 -0.57925165 0.62335646 0.6659888 0.5688994 -0.2599157 -0.4549067 -0.040468335 0.08799553
0.22872376 0.4845482 0.478696 -0.71204567 0.2261895 0.75093555 -0.07797444 -0.07404542 0.15019858 -0.48131514 -0.9097512 -0.3340721 -0.40824294 -0.48801744 0.4831419 0.9891037 0.9339062 -0.53121233 0.4352355 0.5753219 -0.38809526 0.9514661 0.63940454 -0.65028846 -0.7808553 -0.7372601 0.26470435 0.068804145 0.7264205 -0.36240482 0.43651068 0.5005814 -0.9215603 -0.42135727 -0.57925165 0.62335646 0.6659888 0.5688994 -0.2599157 -0.4549067 -0.040468335 0.08799553
0.22872376 0.4845482 0.478696 -0.71204567 0.2261895 0.75093555 -0.07797444 -0.07404542 0.15019858 -0.48131514 -0.9097512 -0.3340721 -0.40824294 -0.48801744 0.4831419 0.9891037 0.9339062 -0.53121233 0.4352355 0.5753219 -0.38809526 0.9514661 0.63940454 -0.65028846 -0.7808553 -0.7372601 0.26470435 0.068804145 0.7264205 -0.36240482 0.43651068 0.5005814 -0.9215603 -0.42135727 -0.57925165 0.62335646 0.6659888 0.5688994 -0.2599157 -0.4549067 -0.040468335 0.08799553
0.22872376 0.4845482 0.478696 -0.71204567 0.2261895 0.75093555 -0.07797444 -0.07404542 0.15019858 -0.48131514 -0.9097512 -0.3340721 -0.40824294 -0.48801744 0.4831419 0.9891037 0.9339062 -0.53121233 0.4352355 0.5753219 -0.38809526 0.9514661 0.63940454 -0.65028846 -0.7808553 -0.7372601 0.26470435 0.068804145 0.7264205 -0.36240482 0.43651068 0.5005814 -0.9215603 -0.42135727 -0.57925165 0.62335646 0.6659888 0.5688994 -0.2599157 -0.4549067 -0.040468335 0.08799553
0.22872376 0.4845482 -0.59114313 -0.71204567 0.2261895 0.75093555 -0.07797444 -0.07404542 0.15019858 -0.48131514 -0.9097512 -0.86979556 -0.40824294 0.40924776 0.4831419 -0.6200707 0.9339062 -0.53121233 0.4352355 0.5753219 -0.38809526 0.9514661 0.26003075 -0.65028846 -0.7808553 -0.7372601 -0.9767972 0.39648783 0.7264205 -0.36240482 0.16737378 -0.9556855 -0.9215603 -0.42135727 -0.57925165 0.62335646 0.6659888 0.06855464 -0.6993334 -0.4549067 -0.040468335 0.08799553
0.22872376 0.4845482 0.478696 -0.71204567 0.2261895 0.75093555 -0.07797444 -0.07404542 0.15019858 -0.48131514 -0.9097512 -0.3340721 -0.40824294 -0.48801744 0.4831419 -0.15947914 0.9339062 -0.53121233 0.4352355 0.5753219 -0.38809526 0.9514661 0.63940454 -0.65028846 -0.7808553 -0.7372601 0.26470435 0.068804145 0.7264205 -0.36240482 0.43651068 0.5005814 -0.9215603 -0.42135727 -0.57925165 0.62335646 0.6659888 0.5688994 -0.2599157 -0.4549067 -0.040468335 0.8740722
0.22872376 0.4845482 -0.59114313 -0.71204567 0.2261895 0.75093555 -0.07797444 -0.07404542 0.15019858 -0.48131514 -0.9097512 -0.86979556 -0.40824294 0.40924776 0.4831419 -0.6200707 0.9339062 -0.53121233 0.4352355 0.5753219 -0.38809526 0.9514661 0.26003075 -0.65028846 -0.7808553 -0.7372601 -0.9767972 0.39648783 0.7264205 -0.36240482 0.5249176 -0.9556855 -0.9215603 -0.42135727 -0.57925165 -0.29475296 0.6659888 0.06855464 -0.6993334 -0.4549067 -0.040468335 0.08799553
0.22872376 0.4845482 0.478696 -0.71204567 0.2261895 0.75093555 -0.07797444 -0.07404542 0.15019858 -0.48131514 -0.9097512 -0.3340721 -0.40824294 -0.48801744 0.4831419 0.9891037 0.9339062 -0.53121233 -0.41402042 0.5753219 -0.38809526 0.9514661 0.63940454 -0.65028846 -0.7808553 -0.7372601 0.26470435 0.068804145 0.7264205 -0.36240482 0.16737378 0.5005814 -0.9215603 -0.42135727 -0.57925165 0.62335646 0.6659888 0.5688994 -0.2599157 -0.4549067 -0.040468335 0.08799553
0.22872376 0.4845482 -0.59114313 -0.71204567 0.2261895 0.75093555 -0.07797444 -0.07404542 0.15019858 -0.48131514 -0.9097512 -0.86979556 -0.40824294 0.40924776 0.4831419 -0.6200707 0.9339062 -0.53121233 0.4352355 0.5753219 -0.38809526 0.9514661 0.26003075 -0.65028846 -0.7808553 -0.7372601 -0.9767972 0.39648783 0.7264205 -0.36240482 0.5249176 -0.9556855 -0.9215603 -0.42135727 -0.57925165 -0.29475296 0.6659888 0.06855464 -0.6993334 -0.4549067 -0.040468335 0.08799553
0.22872376 0.4845482 0.478696 -0.71204567 0.2261895 0.75093555 -0.07797444 -0.07404542 0.15019858 0.4318967 -0.41371644 -0.3340721 -0.40824294 0.40924776 0.4831419 -0.6172073 0.9339062 -0.53121233 -0.41402042 0.5753219 -0.38809526 -0.5983592 0.63940454 -0.65028846 -0.7808553 -0.7372601 0.37221265 0.72824335 0.7264205 -0.36240482 0.16737378 0.5005814 -0.9215603 0.90492 -0.57925165 0.62335646 0.6659888 0.5688994 -0.2599157 -0.4549067 -0.040468335 0.08799553
0.22872376 0.4845482 0.478696 -0.71204567 0.2261895 0.75093555 -0.07797444 -0.07404542 0.15019858 0.4318967 -0.41371644 -0.3340721 -0.40824294 0.40924776 0.4831419 -0.6172073 0.9339062 -0.53121233 -0.41402042 0.5753219 -0.38809526 -0.5983592 0.63940454 -0.65028846 -0.7808553 -0.7372601 0.37221265 0.72824335 0.7264205 -0.36240482 0.16737378 0.5005814 -0.9215603 0.90492 -0.57925165 0.62335646 0.6659888 0.5688994 -0.2599157 -0.4549067 -0.040468335 0.08799553
0.22872376 0.4845482 -0.59114313 -0.71204567 0.2261895 0.75093555 -0.07797444 -0.07404542 0.15019858 -0.48131514 -0.9097512 -0.86979556 -0.40824294 0.40924776 0.4831419 -0.6200707 0.9339062 -0.53121233 0.4352355 0.5753219 -0.38809526 0.9514661 0.26003075 -0.65028846 -0.7808553 -0.7372601 -0.9767972 0.39648783 0.7264205 -0.36240482 0.5249176 -0.9556855 -0.9215603 -0.42135727 -0.57925165 -0.29475296 0.6659888 0.06855464 -0.6993334 -0.4549067 -0.040468335 0.08799553
0.22872376 0.4845482 0.478696 -0.71204567 0.2261895 0.75093555 -0.07797444 -0.07404542 0.15019858 0.4318967 -0.41371644 -0.3340721 -0.40824294 0.40924776 0.4831419 -0.6172073 0.9339062 -0.53121233 -0.41402042 0.5753219 -0.38809526 -0.5983592 0.63940454 -0.65028846 -0.7808553 -0.7372601 0.37221265 0.72824335 0.7264205 -0.36240482 0.16737378 0.5005814 -0.9215603 0.90492 -0.57925165 0.62335646 0.6659888 0.5688994 -0.2599157 -0.4549067 -0.040468335 0.08799553
0.22872376 0.4845482 -0.59114313 -0.71204567 0.2261895 0.75093555 -0.07797444 -0.07404542 0.15019858 -0.48131514 -0.9097512 -0.86979556 -0.40824294 0.40924776 0.4831419 -0.6200707 0.9339062 -0.53121233 0.4352355 0.5753219 -0.38809526 0.9514661 0.26003075 -0.65028846 -0.7808553 -0.7372601 -0.9767972 0.39648783 0.7264205 -0.36240482 0.5249176 -0.9556855 -0.9215603 -0.42135727 -0.57925165 -0.29475296 0.6659888 0.06855464 -0.6993334 -0.4549067 -0.040468335 0.08799553
0.22872376 0.4845482 -0.59114313 -0.71204567 0.2261895 0.75093555 -0.07797444 -0.07404542 0.15019858 -0.48131514 -0.9097512 -0.86979556 -0.40824294 0.40924776 0.4831419 -0.6200707 0.9339062 -0.53121233 0.4352355 0.5753219 -0.38809526 0.9514661 0.26003075 -0.65028846 -0.7808553 -0.7372601 -0.9767972 0.39648783 0.7264205 -0.36240482 0.5249176 -0.9556855 -0.9215603 -0.42135727 -0.57925165 -0.29475296 0.6659888 0.06855464 -0.6993334 -0.4549067 -0.040468335 0.08799553
0.22872376 0.4845482 -0.59114313 -0.71204567 0.2261895 0.75093555 -0.07797444 -0.07404542 0.15019858 -0.48131514 -0.9097512 -0.86979556 -0.40824294 0.40924776 0.4831419 -0.6200707 0.9339062 -0.53121233 0.4352355 0.5753219 -0.38809526 0.9514661 0.26003075 -0.65028846 -0.7808553 -0.7372601 -0.9767972 0.39648783 0.7264205 -0.36240482 0.5249176 -0.9556855 -0.9215603 -0.42135727 -0.57925165 -0.29475296 0.6659888 0.06855464 -0.6993334 -0.4549067 -0.040468335 0.08799553
0.22872376 0.4845482 -0.59114313 -0.71204567 0.2261895 0.75093555 -0.07797444 -0.07404542 0.15019858 -0.48131514 -0.9097512 -0.86979556 -0.40824294 0.40924776 0.4831419 -0.6200707 0.9339062 -0.53121233 0.4352355 0.5753219 -0.38809526 0.9514661 0.26003075 -0.65028846 -0.7808553 -0.7372601 -0.9767972 0.39648783 0.7264205 -0.36240482 0.5249176 -0.9556855 -0.9215603 -0.42135727 -0.57925165 -0.29475296 0.6659888 0.06855464 -0.6993334 -0.4549067 -0.040468335 0.08799553
0.22872376 0.4845482 -0.59114313 -0.71204567 0.2261895 0.75093555 -0.07797444 -0.07404542 0.15019858 -0.48131514 -0.9097512 -0.86979556 -0.40824294 0.40924776 0.4831419 -0.6200707 0.9339062 -0.53121233 0.4352355 0.5753219 -0.38809526 0.9514661 0.26003075 -0.65028846 -0.7808553 -0.7372601 -0.9767972 0.39648783 0.7264205 -0.36240482 0.5249176 -0.9556855 -0.9215603 -0.42135727 -0.57925165 -0.29475296 0.6659888 0.06855464 -0.6993334 -0.4549067 -0.040468335 0.08799553
0.22872376 0.4845482 -0.59114313 -0.71204567 0.2261895 0.75093555 -0.07797444 -0.07404542 0.15019858 -0.48131514 -0.9097512 -0.86979556 -0.40824294 0.40924776 0.4831419 -0.6200707 0.9339062 -0.53121233 0.4352355 0.5753219 -0.38809526 0.9514661 0.26003075 -0.65028846 -0.7808553 -0.7372601 -0.9767972 -0.12340939 0.7264205 -0.36240482 -0.1414454 -0.9556855 -0.9215603 -0.42135727 -0.57925165 -0.29475296 0.5465286 0.06855464 -0.6993334 -0.4549067 -0.040468335 0.08799553
0.22872376 0.4845482 -0.59114313 -0.71204567 0.2261895 0.75093555 -0.07797444 -0.07404542 0.15019858 -0.48131514 -0.9097512 -0.86979556 -0.40824294 0.40924776 0.4831419 -0.6200707 0.9339062 -0.53121233 0.4352355 0.5753219 -0.38809526 0.9514661 0.26003075 -0.65028846 -0.7808553 -0.7372601 -0.9767972 0.39648783 0.7264205 -0.36240482 0.5249176 -0.9556855 -0.9215603 -0.42135727 -0.57925165 -0.29475296 0.6659888 0.06855464 -0.6993334 -0.4549067 -0.040468335 0.08799553
0.22872376 0.4845482 -0.59114313 -0.71204567 0.2261895 0.75093555 -0.07797444 -0.07404542 0.15019858 -0.48131514 -0.9097512 -0.86979556 -0.40824294 0.40924776 0.4831419 -0.6200707 0.9339062 -0.53121233 0.4352355 0.5753219 -0.38809526 0.9514661 0.26003075 -0.65028846 -0.7808553 -0.7372601 -0.9767972 0.39648783 0.7264205 -0.36240482 0.5249176 -0.9556855 -0.9215603 -0.42135727 -0.57925165 -0.29475296 0.6659888 0.06855464 -0.6993334 -0.4549067 -0.040468335 0.08799553
0.22872376 0.4845482 -0.59114313 -0.71204567 0.2261895 0.75093555 -0.07797444 -0.07404542 0.15019858 -0.48131514 -0.9097512 -0.86979556 -0.40824294 0.40924776 0.4831419 -0.6200707 0.9339062 -0.53121233 0.4352355 0.5753219 -0.38809526 0.9514661 0.26003075 -0.65028846 -0.7808553 -0.7372601 -0.9767972 -0.12340939 0.7264205 -0.36240482 0.5249176 -0.9556855 -0.9215603 -0.42135727 -0.57925165 -0.29475296 0.6659888 0.06855464 -0.6993334 -0.4549067 -0.040468335 0.08799553
0.22872376 0.4845482 -0.59114313 -0.71204567 0.2261895 0.75093555 -0.07797444 -0.07404542 0.15019858 -0.48131514 -0.9097512 -0.86979556 -0.40824294 0.40924776 0.4831419 -0.6200707 0.9339062 -0.53121233 0.4352355 0.5753219 -0.38809526 0.9514661 0.26003075 -0.65028846 -0.7808553 -0.7372601 -0.9767972 -0.12340939 0.7264205 -0.36240482 -0.1414454 -0.9556855 -0.9215603 -0.42135727 -0.57925165 -0.29475296 0.5465286 0.06855464 -0.6993334 -0.4549067 -0.040468335 0.08799553
0.22872376 0.4845482 -0.59114313 -0.71204567 0.2261895 0.75093555 -0.07797444 -0.07404542 0.15019858 -0.48131514 -0.9097512 -0.86979556 -0.40824294 0.40924776 0.4831419 -0.6200707 0.9339062 -0.53121233 0.4352355 0.5753219 -0.38809526 0.9514661 0.26003075 -0.65028846 -0.7808553 -0.7372601 -0.9767972 0.39648783 0.7264205 -0.36240482 0.5249176 -0.9556855 -0.9215603 -0.42135727 -0.57925165 -0.29475296 0.6659888 0.06855464 -0.6993334 -0.4549067 -0.040468335 0.08799553
0.22872376 0.4845482 -0.59114313 -0.71204567 0.2261895 0.75093555 -0.07797444 -0.07404542 0.15019858 -0.48131514 -0.9097512 -0.86979556 -0.40824294 0.40924776 0.4831419 -0.6200707 0.9339062 -0.53121233 0.4352355 0.5753219 -0.38809526 0.9514661 0.26003075 -0.65028846 -0.7808553 -0.7372601 -0.9767972 0.39648783 0.7264205 -0.36240482 0.5249176 -0.9556855 -0.9215603 -0.42135727 -0.57925165 -0.29475296 0.6659888 0.06855464 -0.6993334 -0.4549067 -0.040468335 0.08799553
0.22872376 0.4845482 -0.59114313 -0.71204567 0.2261895 0.75093555 -0.07797444 -0.07404542 0.15019858 -0.48131514 -0.9097512 -0.86979556 -0.40824294 0.40924776 0.4831419 -0.6200707 0.9339062 -0.53121233 0.4352355 0.5753219 -0.38809526 0.9514661 0.26003075 -0.65028846 -0.7808553 -0.7372601 -0.9767972 0.39648783 0.7264205 -0.36240482 0.5249176 -0.9556855 -0.9215603 -0.42135727 -0.57925165 -0.29475296 0.6659888 0.06855464 -0.6993334 -0.4549067 -0.040468335 0.08799553
0.22872376 0.4845482 -0.59114313 -0.71204567 0.2261895 0.75093555 -0.07797444 -0.07404542 0.15019858 -0.48131514 -0.9097512 -0.86979556 -0.40824294 0.40924776 0.4831419 -0.6200707 0.9339062 -0.53121233 0.4352355 0.5753219 -0.38809526 0.9514661 0.26003075 -0.65028846 -0.7808553 -0.7372601 -0.9767972 0.39648783 0.7264205 -0.36240482 0.5249176 -0.9556855 -0.9215603 -0.42135727 -0.57925165 -0.29475296 0.6659888 0.06855464 -0.6993334 -0.4549067 -0.040468335 0.08799553
0.22872376 0.4845482 -0.59114313 -0.71204567 0.2261895 0.75093555 -0.07797444 -0.07404542 0.15019858 -0.48131514 -0.9097512 -0.86979556 -0.40824294 0.40924776 0.4831419 -0.6200707 0.9339062 -0.53121233 0.4352355 0.5753219 -0.38809526 0.9514661 0.26003075 -0.65028846 -0.7808553 -0.7372601 -0.9767972 0.39648783 0.7264205 -0.36240482 0.5249176 -0.9556855 -0.9215603 -0.42135727 -0.57925165 -0.29475296 0.6659888 0.06855464 -0.6993334 -0.4549067 -0.040468335 0.08799553
0.22872376 0.4845482 -0.59114313 -0.71204567 0.2261895 0.75093555 -0.07797444 -0.07404542 0.15019858 -0.48131514 -0.9097512 -0.86979556 -0.40824294 0.40924776 0.4831419 -0.6200707 0.9339062 -0.53121233 0.4352355 0.5753219 -0.38809526 0.9514661 0.26003075 -0.65028846 -0.7808553 -0.7372601 -0.9767972 0.39648783 0.7264205 -0.36240482 0.5249176 -0.9556855 -0.9215603 -0.42135727 -0.57925165 -0.29475296 0.6659888 0.06855464 -0.6993334 -0.4549067 -0.040468335 0.08799553
