-0.6215551 0.19407547 0.8972095 0.74662256 0.5919721 -0.3011874 -0.35118544 -0.054437757 -0.76286066 -0.49687457 -0.973889 -0.28055334 0.827649 0.23122716 -0.3965913 0.37874186 0.5587826 0.7297466 -0.8937038 0.46738613 0.062948704 -0.9096625 -0.12154353 0.7798692 -0.49935985 0.1463511
0.7685307 0.80841637 -0.4869256 -0.4431293 -0.45880353 0.8979306 -0.60497177 -0.0076001883 -0.8912157 0.46186888 0.9702828 0.3937106 -0.22857308 0.15387762 -0.40818346 0.45876217 0.3501407 -0.119484544 -0.5736494 -0.21459961 -0.24835515 -0.99138236 -0.21356261 -0.95788753 -0.58256364 -0.56098676
-0.77011657 0.5612092 0.85961187 -0.12851119 -0.28358626 -0.89890075 -0.43641305 -0.833238 -0.025593638 -0.5018153 -0.73606527 0.37551343 0.86909664 0.80266666 0.0895946 -0.92335737 -0.19682097 0.816478 -0.3183694 0.9577873 -0.38138878 -0.99045706 0.49685192 -0.65484595 0.33400953 -0.06205952
-0.44895196 0.35634136 -0.42475677 0.6894852 -0.20200825 -0.611292 -0.90065765 0.9283004 0.26253772 0.51872647 0.40925705 -0.26709533 0.7298417 -0.3231007 -0.18970072 -0.496459 0.99028933 -0.502957 0.48871183 0.3973738 -0.08272302 -0.7377775 0.4498638 0.3477882 0.25417066 -0.58807755
0.7685307 0.80841637 -0.4869256 -0.4431293 -0.45880353 0.8979306 -0.60497177 -0.0076001883 -0.8912157 0.46186888 0.9702828 0.3937106 -0.22857308 0.15387762 -0.40818346 0.45876217 0.3501407 -0.119484544 -0.5736494 -0.21459961 -0.24835515 -0.99138236 -0.21356261 -0.95788753 -0.58256364 -0.56098676
0.7685307 0.80841637 -0.4869256 -0.4431293 -0.45880353 0.8979306 -0.60497177 -0.0076001883 -0.8912157 0.46186888 0.9702828 0.3937106 -0.22857308 0.15387762 -0.40818346 0.45876217 0.3501407 -0.119484544 -0.5736494 -0.21459961 -0.24835515 -0.99138236 -0.21356261 -0.95788753 -0.58256364 -0.56098676
0.7685307 0.80841637 -0.4869256 -0.4431293 -0.45880353 0.8979306 -0.60497177 -0.0076001883 -0.8912157 0.46186888 0.9702828 0.3937106 -0.22857308 0.15387762 -0.40818346 0.45876217 0.3501407 -0.119484544 -0.5736494 -0.21459961 -0.24835515 -0.99138236 -0.21356261 -0.95788753 -0.58256364 -0.56098676
0.4247558 0.74814904 0.21256101 -0.43357408 0.31187665 -0.3686744 0.5616214 0.55602765 0.032506227 -0.1719141 -0.13583183 -0.30007064 -0.9432491 -0.9399668 0.77158606 -0.033813 -0.06481242 -0.47842872 -0.18405664 -0.44231606 0.5005535 -0.65245223 0.3172511 0.037411094 0.9612113 0.30977094
0.4247558 0.74814904 0.21256101 -0.43357408 0.31187665 -0.3686744 0.5616214 0.55602765 0.032506227 -0.1719141 -0.13583183 -0.30007064 -0.9432491 -0.9399668 0.77158606 -0.033813 -0.06481242 -0.47842872 -0.18405664 -0.44231606 0.5005535 -0.65245223 0.3172511 0.037411094 0.9612113 0.30977094
0.4247558 0.74814904 0.21256101 -0.43357408 0.31187665 -0.3686744 0.5616214 0.55602765 0.032506227 -0.1719141 -0.13583183 -0.30007064 -0.9432491 -0.9399668 0.77158606 -0.033813 -0.06481242 -0.47842872 -0.18405664 -0.44231606 0.5005535 -0.65245223 0.3172511 0.037411094 0.9612113 0.30977094
0.7685307 0.80841637 -0.4869256 -0.4431293 -0.45880353 0.8979306 -0.60497177 -0.0076001883 -0.8912157 0.46186888 0.9702828 0.3937106 -0.22857308 0.15387762 -0.40818346 0.45876217 0.3501407 -0.119484544 -0.5736494 -0.21459961 -0.24835515 -0.99138236 -0.21356261 -0.95788753 -0.58256364 -0.56098676
0.4247558 0.74814904 0.21256101 -0.43357408 0.31187665 -0.3686744 0.5616214 0.55602765 0.032506227 -0.1719141 -0.13583183 -0.30007064 -0.9432491 -0.9399668 0.77158606 -0.033813 -0.06481242 -0.47842872 -0.18405664 -0.44231606 0.5005535 -0.65245223 0.3172511 0.037411094 0.9612113 0.30977094
0.4247558 0.74814904 0.21256101 -0.43357408 0.31187665 -0.3686744 0.5616214 0.55602765 0.032506227 -0.1719141 -0.13583183 -0.30007064 -0.9432491 -0.9399668 0.77158606 -0.033813 -0.06481242 -0.47842872 -0.18405664 -0.44231606 0.5005535 -0.65245223 0.3172511 0.037411094 0.9612113 0.30977094
0.7685307 -0.3803153 -0.4869256 -0.4431293 -0.45880353 0.8979306 0.94749033 -0.0076001883 -0.8912157 0.46186888 0.9702828 0.3937106 -0.22857308 0.15387762 -0.40818346 0.45876217 0.3501407 -0.119484544 -0.5736494 -0.21459961 -0.24835515 -0.99138236 -0.21356261 -0.9425937 -0.58256364 -0.56098676
0.4247558 0.74814904 0.21256101 -0.43357408 0.31187665 -0.3686744 0.5616214 0.55602765 0.032506227 -0.1719141 -0.13583183 -0.30007064 -0.9432491 -0.9399668 0.77158606 -0.033813 -0.06481242 -0.47842872 -0.18405664 -0.44231606 0.5005535 -0.65245223 0.3172511 0.037411094 0.9612113 0.30977094
0.4247558 0.74814904 0.21256101 -0.43357408 0.31187665 -0.3686744 0.5616214 0.55602765 0.032506227 -0.1719141 -0.13583183 -0.30007064 -0.9432491 -0.9399668 0.77158606 -0.033813 -0.06481242 -0.47842872 -0.18405664 -0.44231606 0.5005535 -0.65245223 0.3172511 0.037411094 0.9612113 0.30977094
0.4247558 0.74814904 0.21256101 -0.43357408 0.31187665 -0.3686744 0.5616214 0.55602765 0.032506227 -0.1719141 -0.13583183 -0.30007064 -0.9432491 -0.9399668 0.77158606 -0.033813 -0.06481242 -0.47842872 -0.18405664 -0.44231606 0.5005535 -0.65245223 0.3172511 0.037411094 0.9612113 0.30977094
0.7685307 0.35634136 -0.4869256 0.6894852 -0.45880353 -0.611292 -0.60497177 0.9283004 -0.8912157 0.51872647 0.9702828 -0.26709533 -0.22857308 -0.3231007 -0.40818346 -0.496459 0.3501407 -0.502957 -0.5736494 0.3973738 -0.24835515 -0.7377775 -0.21356261 0.3477882 -0.58256364 -0.58807755
0.7685307 0.74814904 -0.4869256 -0.43357408 -0.45880353 -0.3686744 -0.60497177 0.55602765 -0.8912157 -0.1719141 0.9702828 -0.30007064 -0.22857308 -0.9399668 -0.40818346 -0.033813 0.3501407 -0.47842872 -0.5736494 -0.44231606 -0.24835515 -0.65245223 -0.21356261 0.037411094 -0.58256364 0.30977094
0.7685307 0.74814904 -0.4869256 -0.43357408 -0.45880353 -0.3686744 -0.60497177 0.55602765 -0.8912157 -0.1719141 0.9702828 -0.30007064 -0.22857308 -0.9399668 -0.40818346 -0.033813 -0.20041776 -0.41111124 -0.5736494 -0.44231606 -0.24835515 -0.65245223 -0.21356261 0.037411094 -0.58256364 0.49331653
0.7685307 0.74814904 -0.4869256 -0.43357408 -0.45880353 -0.3686744 -0.60497177 0.55602765 -0.8912157 -0.1719141 0.9702828 -0.30007064 -0.22857308 -0.9399668 -0.40818346 -0.033813 -0.20041776 -0.41111124 -0.5736494 -0.44231606 -0.24835515 -0.65245223 -0.21356261 0.037411094 -0.58256364 0.49331653
0.7685307 0.74814904 -0.4869256 -0.43357408 -0.45880353 -0.3686744 -0.60497177 0.55602765 -0.8912157 -0.1719141 0.9702828 -0.30007064 -0.22857308 -0.9399668 -0.40818346 -0.033813 0.3501407 -0.41111124 -0.5736494 -0.44231606 -0.24835515 -0.65245223 -0.21356261 0.037411094 -0.58256364 0.49331653
0.7685307 0.74814904 -0.4869256 -0.43357408 -0.45880353 -0.3686744 -0.60497177 0.55602765 -0.8912157 -0.1719141 0.9702828 -0.30007064 -0.22857308 -0.9399668 -0.40818346 -0.033813 0.3501407 -0.41111124 -0.5736494 -0.44231606 -0.24835515 -0.65245223 -0.21356261 0.037411094 -0.58256364 0.49331653
0.7685307 0.74814904 -0.4869256 -0.43357408 -0.45880353 -0.3686744 -0.60497177 0.55602765 -0.8912157 -0.1719141 0.9702828 -0.30007064 -0.22857308 -0.9399668 -0.40818346 -0.033813 -0.20041776 -0.41111124 -0.5736494 -0.44231606 -0.24835515 -0.65245223 -0.21356261 0.037411094 -0.58256364 0.49331653
0.7685307 0.74814904 -0.4869256 -0.43357408 -0.45880353 -0.3686744 -0.60497177 0.55602765 -0.8912157 -0.1719141 0.9702828 -0.30007064 -0.22857308 -0.9399668 -0.40818346 -0.033813 -0.20041776 -0.41111124 -0.5736494 -0.44231606 -0.24835515 -0.65245223 -0.21356261 0.037411094 -0.58256364 0.49331653
0.7685307 0.74814904 -0.4869256 -0.43357408 -0.45880353 -0.3686744 -0.60497177 0.55602765 -0.8912157 -0.1719141 0.9702828 -0.30007064 -0.22857308 -0.9399668 -0.40818346 -0.033813 0.3501407 -0.41111124 -0.5736494 -0.44231606 -0.24835515 -0.65245223 -0.21356261 0.037411094 -0.58256364 0.49331653
0.7685307 0.74814904 -0.4869256 -0.43357408 -0.45880353 -0.3686744 -0.60497177 0.55602765 -0.8912157 -0.1719141 0.9702828 -0.30007064 -0.22857308 -0.9399668 -0.40818346 -0.033813 0.3501407 -0.41111124 -0.5736494 -0.44231606 -0.24835515 -0.65245223 -0.21356261 0.037411094 -0.58256364 0.49331653
0.7685307 0.74814904 -0.4869256 -0.43357408 -0.45880353 -0.3686744 -0.60497177 0.55602765 -0.8912157 -0.1719141 0.9702828 -0.30007064 -0.22857308 -0.9399668 -0.40818346 -0.033813 0.3501407 -0.41111124 -0.5736494 -0.44231606 -0.24835515 -0.65245223 -0.21356261 0.037411094 -0.58256364 0.49331653
0.7685307 0.74814904 -0.4869256 -0.43357408 -0.45880353 -0.3686744 -0.60497177 0.55602765 -0.8912157 -0.1719141 0.9702828 -0.30007064 -0.22857308 -0.9399668 -0.40818346 -0.033813 -0.20041776 -0.41111124 -0.5736494 -0.44231606 -0.24835515 -0.65245223 -0.21356261 0.037411094 -0.58256364 0.49331653
0.7685307 0.74814904 -0.4869256 -0.43357408 -0.45880353 -0.3686744 -0.60497177 0.55602765 -0.8912157 -0.1719141 0.9702828 -0.30007064 -0.22857308 -0.9399668 -0.40818346 -0.033813 -0.20041776 -0.41111124 -0.5736494 -0.44231606 -0.24835515 -0.65245223 -0.21356261 0.037411094 -0.58256364 0.49331653
0.7685307 0.74814904 -0.4869256 -0.43357408 -0.45880353 -0.3686744 -0.60497177 0.55602765 -0.8912157 -0.1719141 0.9702828 -0.30007064 -0.22857308 -0.9399668 -0.40818346 -0.033813 0.3501407 -0.41111124 -0.5736494 -0.44231606 -0.24835515 -0.65245223 -0.21356261 0.037411094 -0.58256364 0.49331653
0.7685307 0.74814904 -0.4869256 -0.43357408 -0.45880353 -0.3686744 -0.60497177 0.55602765 -0.8912157 -0.1719141 0.9702828 -0.30007064 -0.22857308 -0.9399668 -0.40818346 -0.033813 -0.20041776 -0.41111124 -0.5736494 -0.44231606 -0.24835515 -0.65245223 -0.21356261 0.037411094 -0.58256364 0.49331653
0.7685307 0.74814904 -0.4869256 -0.43357408 -0.45880353 -0.3686744 -0.60497177 0.55602765 -0.8912157 -0.1719141 0.9702828 -0.30007064 -0.22857308 -0.9399668 -0.40818346 -0.033813 -0.20041776 -0.41111124 -0.5736494 -0.44231606 -0.24835515 -0.65245223 -0.21356261 0.037411094 -0.58256364 0.49331653
0.7685307 0.74814904 -0.4869256 -0.43357408 -0.45880353 -0.3686744 -0.60497177 0.55602765 -0.8912157 -0.1719141 0.9702828 -0.30007064 -0.22857308 -0.9399668 -0.40818346 -0.033813 -0.20041776 -0.41111124 -0.5736494 -0.44231606 -0.24835515 -0.65245223 -0.21356261 0.037411094 -0.58256364 0.49331653
0.7685307 0.74814904 -0.4869256 -0.43357408 -0.45880353 -0.3686744 -0.60497177 0.55602765 -0.8912157 -0.1719141 0.9702828 -0.30007064 -0.22857308 -0.9399668 -0.40818346 -0.033813 -0.20041776 -0.41111124 -0.5736494 -0.44231606 -0.24835515 -0.65245223 -0.21356261 0.037411094 -0.58256364 0.49331653
0.7685307 0.74814904 -0.4869256 -0.43357408 -0.45880353 -0.3686744 -0.60497177 0.55602765 -0.8912157 -0.1719141 0.9702828 -0.30007064 -0.22857308 -0.9399668 -0.40818346 -0.033813 -0.20041776 -0.41111124 -0.5736494 -0.44231606 -0.24835515 -0.65245223 -0.21356261 0.037411094 -0.58256364 0.49331653
0.7685307 0.74814904 -0.4869256 -0.43357408 -0.45880353 -0.3686744 -0.60497177 0.55602765 -0.8912157 -0.1719141 0.9702828 -0.30007064 -0.22857308 -0.9399668 -0.40818346 -0.033813 -0.20041776 -0.41111124 -0.5736494 -0.44231606 -0.24835515 -0.65245223 -0.21356261 0.037411094 -0.58256364 0.49331653
0.7685307 0.74814904 -0.4869256 -0.43357408 -0.45880353 -0.3686744 -0.60497177 0.55602765 -0.8912157 -0.1719141 0.9702828 -0.30007064 -0.22857308 -0.9399668 -0.40818346 -0.033813 -0.20041776 -0.41111124 -0.5736494 -0.44231606 -0.24835515 -0.65245223 -0.21356261 0.037411094 -0.58256364 0.49331653
0.7685307 0.74814904 -0.4869256 -0.43357408 -0.45880353 -0.3686744 -0.60497177 0.55602765 -0.8912157 -0.1719141 0.9702828 -0.30007064 -0.22857308 -0.9399668 -0.40818346 -0.033813 -0.20041776 -0.41111124 -0.5736494 -0.44231606 -0.24835515 -0.65245223 -0.21356261 0.037411094 -0.58256364 0.49331653
0.7685307 0.74814904 -0.4869256 -0.43357408 -0.45880353 -0.3686744 -0.60497177 0.55602765 -0.8912157 -0.1719141 0.9702828 -0.30007064 -0.22857308 -0.9399668 -0.40818346 -0.033813 -0.20041776 -0.41111124 -0.5736494 -0.44231606 -0.24835515 -0.65245223 -0.21356261 0.037411094 -0.58256364 0.49331653
0.7685307 0.74814904 -0.4869256 -0.43357408 -0.45880353 -0.3686744 -0.60497177 0.55602765 -0.8912157 -0.1719141 0.9702828 -0.30007064 -0.22857308 -0.9399668 -0.40818346 -0.033813 -0.20041776 -0.41111124 -0.5736494 -0.44231606 -0.24835515 -0.65245223 -0.21356261 0.037411094 -0.58256364 0.49331653
0.7685307 0.74814904 -0.4869256 -0.43357408 -0.45880353 -0.3686744 -0.60497177 0.55602765 -0.8912157 -0.1719141 0.9702828 -0.30007064 -0.22857308 -0.9399668 -0.40818346 -0.033813 -0.20041776 -0.41111124 -0.5736494 -0.44231606 -0.24835515 -0.65245223 -0.21356261 0.037411094 -0.58256364 0.49331653
0.7685307 0.74814904 -0.4869256 -0.43357408 -0.45880353 -0.3686744 -0.60497177 0.55602765 -0.8912157 -0.1719141 0.9702828 -0.30007064 -0.22857308 -0.9399668 -0.40818346 -0.033813 -0.20041776 -0.41111124 -0.5736494 -0.44231606 -0.24835515 -0.65245223 -0.21356261 0.037411094 -0.58256364 0.49331653
0.7685307 0.74814904 -0.4869256 -0.43357408 -0.45880353 -0.3686744 -0.60497177 0.55602765 -0.8912157 -0.1719141 0.9702828 -0.30007064 -0.22857308 -0.9399668 -0.40818346 -0.033813 -0.20041776 -0.41111124 -0.5736494 -0.44231606 -0.24835515 -0.65245223 -0.21356261 0.037411094 -0.58256364 0.49331653
0.7685307 0.74814904 -0.4869256 -0.43357408 -0.45880353 -0.3686744 -0.60497177 0.55602765 -0.8912157 -0.1719141 0.9702828 -0.30007064 -0.22857308 -0.9399668 -0.40818346 -0.033813 -0.20041776 -0.41111124 -0.5736494 -0.44231606 -0.24835515 -0.65245223 -0.21356261 0.037411094 -0.58256364 0.49331653
0.7685307 0.74814904 -0.4869256 -0.43357408 -0.45880353 -0.3686744 -0.60497177 0.55602765 -0.8912157 -0.1719141 0.9702828 -0.30007064 -0.22857308 -0.9399668 -0.40818346 -0.033813 -0.20041776 -0.41111124 -0.5736494 -0.44231606 -0.24835515 -0.65245223 -0.21356261 0.037411094 -0.58256364 0.49331653
0.7685307 0.74814904 -0.4869256 -0.43357408 -0.45880353 -0.3686744 -0.60497177 0.55602765 -0.8912157 -0.1719141 0.9702828 -0.30007064 -0.22857308 -0.9399668 -0.40818346 -0.033813 -0.20041776 -0.41111124 -0.5736494 -0.44231606 -0.24835515 -0.65245223 -0.21356261 0.037411094 -0.58256364 0.49331653
0.7685307 0.74814904 -0.4869256 -0.43357408 0.71753156 -0.3686744 -0.60497177 0.55602765 -0.8912157 -0.1719141 -6.958246E-4 -0.30007064 -0.22857308 -0.9399668 -0.40818346 -0.033813 -0.20041776 -0.41111124 -0.5736494 -0.44231606 -0.24835515 -0.65245223 -0.21356261 0.037411094 -0.58256364 0.49331653
0.7685307 0.74814904 -0.4869256 -0.43357408 0.71753156 -0.3686744 -0.60497177 0.55602765 -0.8912157 -0.1719141 -6.958246E-4 -0.30007064 -0.22857308 0.33125532 -0.40818346 -0.033813 -0.20041776 -0.41111124 -0.5736494 -0.44231606 -0.24835515 -0.65245223 -0.21356261 0.20631933 -0.58256364 0.49331653
0.7685307 0.74814904 -0.4869256 -0.43357408 0.71753156 -0.3686744 -0.60497177 0.55602765 -0.8912157 -0.1719141 -6.958246E-4 -0.30007064 -0.22857308 -0.9399668 -0.40818346 -0.033813 -0.20041776 -0.41111124 -0.5736494 -0.44231606 -0.24835515 -0.65245223 -0.21356261 0.037411094 -0.58256364 0.49331653
0.7685307 0.74814904 -0.4869256 -0.43357408 0.71753156 -0.3686744 -0.60497177 0.55602765 -0.8912157 -0.1719141 -6.958246E-4 -0.30007064 -0.22857308 -0.9399668 -0.40818346 -0.033813 -0.20041776 -0.41111124 -0.5736494 -0.44231606 -0.24835515 -0.65245223 -0.21356261 0.037411094 -0.58256364 0.49331653
0.7685307 0.74814904 -0.4869256 -0.43357408 -0.45880353 -0.3686744 -0.60497177 0.55602765 -0.8912157 -0.1719141 0.9702828 -0.30007064 -0.22857308 -0.9399668 -0.40818346 -0.033813 -0.20041776 -0.41111124 -0.5736494 -0.44231606 -0.24835515 -0.65245223 -0.21356261 0.037411094 -0.58256364 0.49331653
0.7685307 0.74814904 -0.4869256 -0.43357408 0.71753156 -0.3686744 -0.60497177 0.55602765 -0.8912157 -0.1719141 -6.958246E-4 -0.30007064 -0.22857308 -0.9399668 -0.40818346 -0.033813 -0.20041776 -0.41111124 -0.5736494 -0.44231606 -0.24835515 -0.65245223 -0.21356261 0.037411094 -0.58256364 0.49331653
0.7685307 0.74814904 -0.4869256 -0.43357408 -0.45880353 -0.3686744 -0.60497177 0.55602765 -0.8912157 -0.1719141 0.9702828 -0.30007064 -0.22857308 -0.9399668 -0.40818346 -0.033813 -0.20041776 -0.41111124 -0.5736494 -0.44231606 -0.24835515 -0.65245223 -0.21356261 0.037411094 -0.58256364 0.49331653
0.7685307 0.74814904 -0.4869256 -0.43357408 -0.45880353 -0.3686744 -0.60497177 0.55602765 -0.8912157 -0.1719141 0.9702828 -0.30007064 -0.22857308 -0.9399668 -0.40818346 -0.033813 -0.20041776 -0.41111124 -0.5736494 -0.44231606 -0.24835515 -0.65245223 -0.21356261 0.037411094 -0.58256364 0.49331653
0.7685307 0.74814904 -0.4869256 -0.43357408 -0.45880353 -0.3686744 -0.60497177 0.55602765 -0.8912157 -0.1719141 0.9702828 -0.30007064 -0.22857308 -0.9399668 -0.40818346 -0.033813 -0.20041776 -0.41111124 -0.5736494 -0.44231606 -0.24835515 -0.65245223 -0.21356261 0.037411094 -0.58256364 0.49331653
0.7685307 0.74814904 -0.4869256 -0.43357408 0.71753156 -0.3686744 -0.60497177 0.55602765 -0.8912157 -0.1719141 -6.958246E-4 -0.30007064 -0.22857308 -0.9399668 -0.40818346 -0.033813 -0.20041776 -0.41111124 -0.5736494 -0.44231606 -0.24835515 -0.65245223 -0.21356261 0.037411094 -0.58256364 0.49331653
0.7685307 0.74814904 -0.4869256 -0.43357408 -0.45880353 -0.3686744 -0.60497177 0.55602765 -0.8912157 -0.1719141 0.9702828 -0.30007064 -0.22857308 -0.9399668 -0.40818346 -0.033813 -0.20041776 -0.41111124 -0.5736494 -0.44231606 -0.24835515 -0.65245223 -0.21356261 0.037411094 -0.58256364 0.49331653
0.7685307 0.74814904 -0.4869256 -0.43357408 0.71753156 -0.3686744 -0.60497177 0.55602765 -0.8912157 -0.1719141 -6.958246E-4 -0.30007064 -0.22857308 -0.9399668 -0.40818346 -0.033813 -0.20041776 -0.41111124 -0.5736494 -0.44231606 -0.24835515 -0.65245223 -0.21356261 0.037411094 -0.58256364 0.49331653
0.7685307 0.74814904 -0.4869256 -0.43357408 0.71753156 -0.3686744 -0.60497177 0.55602765 -0.8912157 -0.1719141 -6.958246E-4 -0.30007064 -0.22857308 -0.9399668 -0.40818346 -0.033813 -0.20041776 -0.41111124 -0.5736494 -0.44231606 -0.24835515 -0.65245223 -0.21356261 0.037411094 -0.58256364 0.49331653
0.7685307 0.74814904 -0.4869256 -0.43357408 0.71753156 -0.3686744 -0.60497177 0.55602765 -0.8912157 -0.1719141 -6.958246E-4 -0.30007064 -0.22857308 -0.9399668 -0.40818346 -0.033813 -0.20041776 -0.41111124 -0.5736494 -0.44231606 -0.24835515 -0.65245223 -0.21356261 0.037411094 -0.58256364 0.49331653
0.7685307 0.74814904 -0.4869256 -0.43357408 0.71753156 -0.3686744 -0.60497177 0.55602765 -0.8912157 -0.1719141 -6.958246E-4 -0.30007064 -0.22857308 -0.9399668 -0.40818346 -0.033813 -0.20041776 -0.41111124 -0.5736494 -0.44231606 -0.24835515 -0.65245223 -0.21356261 0.037411094 -0.58256364 0.49331653
0.7685307 0.74814904 -0.4869256 -0.43357408 0.71753156 -0.3686744 -0.60497177 0.55602765 -0.8912157 -0.1719141 -6.958246E-4 -0.30007064 -0.22857308 -0.9399668 -0.40818346 -0.033813 -0.20041776 -0.41111124 -0.5736494 -0.44231606 -0.24835515 -0.65245223 -0.21356261 0.037411094 -0.58256364 0.49331653
0.7685307 0.74814904 -0.4869256 -0.43357408 0.71753156 -0.3686744 -0.60497177 0.55602765 -0.8912157 -0.1719141 -6.958246E-4 -0.30007064 -0.22857308 -0.9399668 -0.40818346 -0.033813 -0.20041776 -0.41111124 -0.5736494 -0.44231606 -0.24835515 -0.65245223 -0.21356261 0.037411094 -0.58256364 0.49331653
0.7685307 0.74814904 -0.4869256 -0.43357408 -0.45880353 -0.3686744 -0.60497177 0.55602765 -0.8912157 -0.1719141 0.9702828 -0.30007064 -0.22857308 -0.9399668 -0.40818346 -0.033813 -0.20041776 -0.41111124 -0.5736494 -0.44231606 -0.24835515 -0.65245223 -0.21356261 0.037411094 -0.58256364 0.49331653
0.7685307 0.74814904 -0.4869256 -0.43357408 0.71753156 -0.3686744 -0.60497177 0.55602765 -0.8912157 -0.1719141 -6.958246E-4 -0.30007064 -0.22857308 -0.9399668 -0.40818346 -0.033813 -0.20041776 -0.41111124 -0.5736494 -0.44231606 -0.24835515 -0.65245223 -0.21356261 0.037411094 -0.58256364 0.49331653
0.7685307 0.74814904 -0.4869256 -0.43357408 0.71753156 -0.3686744 -0.60497177 0.55602765 -0.8912157 -0.1719141 -6.958246E-4 -0.30007064 -0.22857308 -0.9399668 -0.40818346 -0.033813 -0.20041776 -0.41111124 -0.5736494 -0.44231606 -0.24835515 -0.65245223 -0.21356261 0.037411094 -0.58256364 0.49331653
0.7685307 0.74814904 -0.4869256 -0.43357408 0.71753156 -0.3686744 -0.60497177 0.55602765 -0.8912157 -0.1719141 -6.958246E-4 -0.30007064 -0.22857308 -0.9399668 -0.40818346 -0.033813 -0.20041776 -0.41111124 -0.5736494 -0.44231606 -0.24835515 -0.65245223 -0.21356261 0.037411094 -0.58256364 0.49331653
