0.44645667 0.6126257 0.70870316 -0.85084355 -0.7463274 0.53651893 0.0012819767 0.25519574 0.9906424 0.2185415 0.7079798 -0.91500974 -0.16391778 0.45350266 0.20072281 0.12515008 -0.4100504 0.62566483 -0.9840616 0.42209446 -0.3589748 -0.70852506 -0.84125805 0.7735888 -0.9552096 0.18418884 0.5316675 0.7065197 0.1945777 0.48117912 0.6277685 0.9419 0.7281648 -0.52464926 
0.44804513 -0.37856722 -0.82912624 0.44042742 -0.8003441 0.52715003 -0.5670546 0.41283774 -0.51534784 0.20080638 -0.8269279 0.43041348 0.40550542 0.24770224 0.25146246 0.3069197 -0.40635526 -0.32631218 -0.7827542 -0.16491449 0.25652575 0.88543105 0.22182894 0.7325697 0.176391 0.7715243 -0.8293196 0.19422448 0.76221657 -0.3118664 -0.068394184 0.75865674 0.88376045 -0.35945213 
0.44804513 -0.37856722 0.74077284 -0.46914315 -0.8003441 0.52715003 -0.5670546 0.41283774 -0.31914723 0.20080638 -0.8269279 0.43041348 0.40550542 0.24770224 0.25146246 0.3069197 -0.40635526 -0.32631218 -0.7827542 -0.16491449 0.25652575 0.88543105 0.22182894 0.7325697 0.176391 0.7715243 -0.8293196 0.19422448 0.76221657 -0.3118664 -0.068394184 -0.09997141 0.88376045 -0.35945213 
-0.98030484 0.6126257 0.14716041 -0.85084355 -0.2687912 0.765301 0.9674971 -0.25189734 0.6610422 0.2185415 -0.28951728 -0.91500974 -0.9670645 0.45350266 -0.33181643 -0.12319994 -0.2991017 0.62566483 -0.6162003 0.76113486 -0.95514786 0.108034134 0.94802463 0.7735888 -0.02308309 0.18418884 -0.20542681 0.2347213 0.84279394 0.48117912 0.6621697 -0.5037844 0.6466192 -0.45065498 
-0.62731063 -0.70612454 0.74077284 -0.46914315 -0.8003441 0.98125064 -0.5670546 0.71712506 -0.31914723 0.20080638 -0.8269279 0.43041348 -0.4170251 0.24770224 0.25146246 0.61917484 -0.40635526 -0.32631218 -0.7827542 -0.16491449 -0.8060237 0.88543105 0.0137780905 -0.49525285 -0.8677219 0.7715243 -0.18265927 0.19422448 -0.24632955 -0.3118664 -0.068394184 0.4487443 0.88376045 0.3274349 
0.44645667 -0.6558436 -0.43771696 -0.85084355 -0.7463274 0.53651893 -0.77437234 0.25519574 0.9906424 0.2185415 0.06922865 -0.91500974 -0.3231095 0.45350266 0.062665224 0.12515008 -0.67636895 0.62566483 -0.24343872 0.42209446 -0.3589748 -0.70852506 0.1780237 0.7735888 -0.9552096 0.1837337 0.1906985 0.09461999 0.1945777 0.48117912 0.6277685 -0.6958966 0.7281648 -0.52464926 
0.44645667 -0.6558436 -0.43771696 -0.85084355 -0.7463274 0.53651893 -0.77437234 0.25519574 0.9906424 0.2185415 0.06922865 -0.91500974 -0.3231095 0.45350266 0.062665224 0.12515008 -0.67636895 0.62566483 -0.24343872 0.42209446 -0.3589748 -0.70852506 0.1780237 0.7735888 -0.9552096 0.1837337 0.1906985 0.09461999 0.1945777 0.48117912 0.6277685 -0.6958966 0.7281648 -0.52464926 
0.32421625 -0.70612454 -0.18891871 -0.35298944 -0.13330352 -0.44196808 -0.13147545 0.49293792 -0.31914723 0.7590493 0.40975308 -0.7701484 -0.6620103 0.24770224 0.0131073 0.653689 -0.61624503 -0.32631218 -0.7827542 -0.16491449 -0.772586 0.88543105 0.0137780905 -0.49525285 -0.8677219 0.379961 -0.18265927 0.19422448 -0.3014251 -0.3118664 -0.068394184 0.4487443 0.88376045 0.63355196 
0.44645667 -0.33105958 -0.43771696 -0.35298944 -0.7463274 -0.12916684 -0.77437234 -0.56568766 0.9906424 0.7590493 0.06922865 0.14951181 -0.095481396 0.24770224 0.062665224 0.653689 -0.67636895 -0.32631218 -0.24343872 -0.7070334 -0.3589748 0.88543105 -0.63831747 -0.49525285 -0.9552096 0.379961 0.1906985 0.19422448 0.1945777 -0.3118664 0.19717431 0.4487443 0.7281648 0.63355196 
0.6014875 -0.8738462 0.149665 -0.35298944 0.612416 -0.44196808 0.09241974 -0.4163984 -0.85643923 0.7590493 -0.8269279 -0.7701484 0.11125338 0.24770224 -0.99936247 0.653689 0.2135024 -0.32631218 0.7960509 -0.16491449 0.13747394 0.88543105 0.0137780905 -0.49525285 -0.11933088 -0.94178843 -0.4095534 0.19422448 -0.24632955 -0.3118664 -0.068394184 0.4487443 0.88376045 0.63355196 
0.87196887 0.052183867 0.149665 -0.2714138 -0.6916052 -0.14778268 0.09241974 -0.14476061 -0.85643923 0.51703715 0.74507976 -0.73162615 0.11125338 0.5389091 0.27233887 -0.73270845 -0.33765972 0.54955137 0.7960509 -0.94259465 0.13747394 -0.61687195 0.0137780905 0.60756004 -0.11933088 -0.7465298 0.80483985 -0.033926368 -0.24632955 0.6576724 -0.068394184 0.26855195 0.88376045 0.5892042 
0.2947781 -0.5940777 -0.43771696 -0.35298944 -0.7463274 -0.12916684 -0.9903517 -0.56568766 0.24930882 0.32668865 0.06922865 0.14951181 -0.3231095 0.24770224 -0.48517168 -0.26691842 -0.39354146 -0.32631218 -0.021832347 -0.16491449 0.21434128 0.88543105 0.0071166754 -0.49525285 0.5085871 0.379961 0.1906985 0.1789484 -0.74628353 -0.3118664 0.6277685 0.4487443 0.7281648 0.63355196 
0.32421625 -0.5940777 -0.18891871 -0.35298944 -0.13330352 -0.12916684 0.13958156 -0.59549344 -0.31914723 0.32668865 0.40975308 0.14951181 0.8803023 0.24770224 0.0131073 -0.26691842 -0.61624503 -0.32631218 -0.7827542 -0.16491449 0.52817905 -0.059731603 0.0137780905 -0.49525285 -0.8677219 0.379961 -0.95487845 0.19422448 -0.3014251 -0.3118664 -0.068394184 0.4487443 -0.51341856 0.63355196 
0.32421625 -0.5940777 -0.18891871 -0.35298944 -0.13330352 -0.12916684 0.13958156 -0.59549344 -0.31914723 0.32668865 0.40975308 0.14951181 0.8803023 0.24770224 0.0131073 -0.26691842 -0.6992179 -0.32631218 -0.7827542 -0.16491449 0.52817905 -0.059731603 0.0137780905 -0.49525285 -0.8677219 0.379961 -0.95487845 0.19422448 -0.3014251 -0.3118664 -0.068394184 0.4487443 -0.51341856 -0.5547769 
0.32421625 -0.5940777 -0.18891871 -0.35298944 -0.13330352 -0.12916684 0.13958156 -0.59549344 -0.31914723 0.32668865 0.40975308 0.14951181 0.8803023 0.24770224 0.0131073 -0.26691842 -0.6992179 -0.32631218 -0.7827542 -0.16491449 0.52817905 -0.059731603 0.0137780905 -0.49525285 -0.8677219 0.379961 -0.95487845 0.19422448 -0.3014251 -0.3118664 -0.068394184 0.4487443 -0.51341856 -0.5547769 
0.32421625 -0.5940777 -0.18891871 -0.35298944 -0.13330352 -0.12916684 0.13958156 -0.59549344 -0.31914723 0.32668865 0.40975308 0.14951181 0.8803023 0.24770224 0.0131073 -0.26691842 -0.6992179 -0.32631218 -0.7827542 -0.16491449 0.52817905 -0.059731603 0.0137780905 -0.49525285 -0.8677219 0.379961 -0.95487845 0.19422448 -0.3014251 -0.3118664 -0.068394184 0.4487443 -0.51341856 -0.5547769 
0.44645667 -0.5940777 -0.86828196 0.02868092 -0.7463274 0.95309377 -0.3114575 -0.76593935 0.9906424 0.32668865 0.27361226 0.14951181 -0.59505117 0.24770224 -0.3699087 0.11621857 -0.18600786 -0.0065546036 0.91875565 -0.9473773 -0.30176973 0.88543105 -0.63831747 0.3117075 -0.5634365 -0.5280471 0.1906985 -0.82703364 0.1945777 -0.3118664 0.19717431 -0.25251687 -0.28430796 0.63355196 
0.32421625 0.58596694 -0.18891871 0.27843773 -0.13330352 -0.12916684 -0.40659046 -0.59549344 -0.31914723 -0.8932955 -0.33605337 0.74259627 0.8803023 0.24770224 0.0131073 -0.26691842 -0.9254775 0.48296583 -0.7827542 -0.16491449 0.52817905 -0.059731603 0.0137780905 -0.4675138 -0.63516784 0.6540977 -0.95487845 0.19422448 -0.04694152 -0.051253557 0.7592628 -0.39991856 -0.51341856 -0.5547769 
0.8766049 0.58596694 -0.18891871 0.27843773 -0.13330352 -0.12916684 0.9887489 -0.676149 -0.31914723 0.8737035 -0.33605337 0.14951181 0.8803023 0.24770224 -0.71417964 -0.26691842 -0.6992179 0.48296583 -0.7827542 -0.16491449 -0.4975319 -0.059731603 0.0137780905 0.57923925 0.80577815 0.6540977 -0.95487845 0.19422448 -0.04694152 0.88401806 0.47648656 0.4487443 -0.51341856 -0.5547769 
0.32421625 -0.9321823 -0.18891871 0.27843773 -0.13330352 -0.12916684 0.28253746 -0.59549344 -0.31914723 0.32668865 -0.33605337 0.14951181 0.8803023 -0.75679183 0.0131073 0.4233935 -0.9254775 0.86643744 0.43096018 -0.16491449 0.52817905 0.13177097 0.0137780905 -0.14827728 -0.63516784 0.379961 -0.95487845 0.1289792 -0.04694152 -0.3118664 0.7592628 0.4487443 -0.51341856 -0.5547769 
0.83117867 -0.5940777 -0.14216554 0.59636366 -0.7463274 -0.18960476 -0.6665069 0.58583343 -0.5237948 0.32668865 0.32889557 0.6722193 0.9069723 -0.2371608 0.16272008 -0.26691842 -0.18600786 -0.0065546036 0.91875565 0.5700015 -0.30176973 0.88543105 -0.63831747 0.0942297 -0.5634365 -0.20769012 0.089309216 0.39151204 -0.8412869 -0.3118664 0.26926923 -0.0680666 -0.011122584 0.63355196 
0.83117867 -0.5940777 -0.14216554 0.59636366 -0.7463274 -0.18960476 -0.6665069 0.58583343 -0.5237948 0.98792803 0.32889557 0.6722193 0.9069723 -0.2371608 0.16272008 -0.26691842 -0.18600786 -0.0065546036 0.91875565 0.8728901 -0.30176973 0.88543105 -0.63831747 0.0942297 -0.5634365 -0.20769012 0.089309216 0.39151204 -0.8412869 -0.3118664 0.26926923 -0.0680666 -0.011122584 0.63355196 
-0.252303 0.32827055 -0.10659909 0.27843773 0.14216423 -0.12916684 -0.7891983 -0.59549344 0.17730868 0.4622451 -0.23198986 0.29672337 -0.1369865 -0.9531479 0.4937321 0.6093358 -0.6165447 0.48296583 0.8722162 -0.16491449 0.113880634 -0.059731603 -0.057700753 0.3184935 0.53822374 0.3261975 0.4459107 -0.21692693 -0.85966265 -0.051253557 0.68435526 -0.39991856 0.1926086 0.76842415 
0.83117867 -0.5940777 -0.14216554 0.59636366 -0.7463274 -0.18960476 -0.76770186 0.58583343 -0.5237948 0.98792803 0.32889557 0.6722193 0.9069723 -0.2371608 0.16272008 -0.26691842 -0.18600786 -0.0065546036 0.91875565 0.8728901 -0.30176973 0.88543105 -0.63831747 0.0942297 -0.5634365 -0.20769012 0.089309216 0.39151204 -0.8412869 -0.3118664 0.26926923 -0.0680666 -0.577353 0.63355196 
-0.45129895 -0.5940777 -0.14216554 0.59636366 -0.7463274 -0.5991634 -0.76770186 0.58583343 0.77787864 0.98792803 0.32889557 0.6722193 0.9069723 -0.2371608 0.33410192 -0.26691842 -0.80511665 -0.0065546036 0.91875565 0.8728901 -0.30176973 0.88543105 -0.63831747 0.0942297 -0.5634365 -0.20769012 0.089309216 0.39151204 -0.8412869 -0.3118664 0.8863853 -0.0680666 -0.4970467 0.63355196 
-0.313717 -0.08512974 -0.21958625 0.07104218 0.14216423 -0.33326447 -0.42365932 0.19587648 0.4607265 -0.06510198 -0.17676425 -0.3245026 0.28899348 -0.25376856 0.922488 -0.19607353 0.60444367 -0.267604 0.8722162 -0.8821609 -0.8453765 0.9165865 -0.057700753 0.15278971 -0.5586711 0.011262059 0.4459107 -0.684891 0.16663253 0.20861804 0.8713398 -0.04878533 -0.39607406 0.7781725 
-0.313717 -0.08512974 -0.21958625 0.07104218 0.14216423 -0.33326447 -0.42365932 0.007967949 0.4607265 -0.06510198 -0.17676425 -0.3245026 0.28899348 -0.25376856 0.922488 0.22088015 0.60444367 -0.267604 0.8722162 -0.8821609 -0.8453765 0.9165865 -0.057700753 0.15278971 -0.5586711 0.011262059 0.06407082 -0.684891 0.16663253 0.20861804 0.8713398 -0.04878533 -0.39607406 0.7781725 
-0.313717 -0.08512974 -0.29740846 0.07104218 0.14216423 -0.33326447 -0.42365932 0.007967949 0.4607265 -0.06510198 0.97213614 -0.3245026 0.28899348 -0.25376856 0.922488 0.22088015 0.60444367 -0.267604 0.8722162 -0.8821609 -0.8453765 0.9165865 -0.057700753 0.15278971 -0.5586711 0.011262059 0.06407082 -0.684891 0.16663253 0.20861804 0.8713398 -0.04878533 -0.39607406 0.7781725 
-0.313717 -0.08512974 -0.084323525 0.07104218 0.14216423 -0.33326447 -0.42365932 0.007967949 0.4607265 -0.06510198 0.97213614 -0.3245026 0.28899348 -0.25376856 0.922488 0.22088015 0.60444367 -0.267604 0.8722162 -0.8821609 -0.8453765 0.9165865 -0.057700753 0.15278971 0.48861372 0.011262059 0.06407082 -0.684891 0.16663253 0.20861804 0.8713398 -0.04878533 -0.39607406 0.7781725 
-0.036557436 0.7961142 -0.10659909 0.5670785 0.2159282 -0.12916684 0.0534544 -0.59549344 0.17730868 0.4622451 0.7657932 0.29672337 0.5859817 0.027445555 0.4937321 0.1930182 0.3340845 0.5909518 0.8722162 -0.8940234 -0.866217 -0.059731603 0.092292786 0.34213006 -0.73959124 0.3261975 0.4459107 -0.21692693 0.88895965 -0.051253557 0.68435526 0.95894384 0.1926086 0.76842415 
-0.036557436 0.7961142 0.19643128 0.29047453 0.2159282 0.5079727 0.0534544 -0.59549344 0.17730868 0.4622451 0.77201474 0.29672337 0.90071607 0.027445555 0.4937321 0.1930182 0.3340845 0.5909518 0.8722162 -0.8940234 0.36782503 -0.059731603 0.092292786 0.34213006 0.8426691 0.3261975 0.4459107 -0.21692693 0.88895965 -0.051253557 0.68435526 0.95894384 0.1926086 -0.091441154 
-0.036557436 0.7961142 -0.10659909 0.5670785 0.2159282 0.4465561 0.0534544 -0.59549344 0.17730868 0.4622451 0.7657932 0.29672337 0.5859817 0.027445555 0.4937321 0.1930182 0.3340845 0.5909518 0.8722162 -0.8940234 -0.866217 -0.059731603 0.49450004 0.34213006 -0.73959124 0.3261975 0.4459107 -0.21692693 -0.53765535 -0.051253557 0.68435526 0.95894384 0.1926086 0.76842415 
-0.036557436 0.7961142 -0.10659909 0.5670785 0.2159282 -0.75978005 -0.7814683 -0.59549344 0.9473053 0.4622451 0.7657932 0.29672337 0.5859817 -0.28585815 0.4937321 0.1930182 0.3340845 0.5909518 0.3916496 -0.8940234 -0.866217 -0.059731603 0.49450004 0.34213006 -0.2488867 0.3261975 0.4459107 0.9566759 -0.8386966 -0.051253557 0.68435526 0.95894384 0.1926086 0.76842415 
0.5708598 0.7961142 0.9369935 0.10571945 0.2159282 0.5079727 -0.1636244 -0.59549344 0.24492562 0.4622451 0.011957407 0.2779311 0.90071607 0.027445555 0.88924384 -0.66528165 0.46235514 0.5909518 0.9851699 -0.8940234 0.7131853 -0.059731603 0.520699 0.34213006 0.8426691 0.3261975 0.4459107 -0.21692693 0.88895965 -0.051253557 0.68435526 0.95894384 0.1926086 -0.091441154 
0.5708598 -0.17529273 0.5835618 0.10571945 0.2159282 0.5079727 -0.1636244 -0.59549344 0.9803767 0.4622451 0.011957407 0.2779311 0.90071607 0.027445555 0.43629968 -0.66528165 -0.6192353 0.11682975 0.9851699 -0.8940234 0.7131853 -0.059731603 0.520699 0.2044977 0.8426691 0.3261975 0.4459107 -0.21692693 0.88895965 -0.051253557 0.68435526 0.95894384 0.1926086 -0.091441154 
-0.252303 0.7961142 -0.10659909 0.10571945 0.14216423 -0.53347397 0.67561615 -0.59549344 -0.1593908 0.78150344 0.31039202 0.29672337 0.6460308 0.027445555 0.4937321 0.3416499 0.07264984 0.5909518 0.5498241 -0.8940234 0.71657133 -0.4101603 0.62723994 0.34213006 0.53822374 -0.5207925 -0.7212025 -0.21692693 0.42836452 -0.051253557 -0.8903208 -0.48224127 -0.4527563 -0.091441154 
0.84711957 0.7961142 -0.10659909 0.10571945 0.14216423 -0.53347397 0.67561615 -0.1286875 0.6705525 0.78150344 0.31039202 0.29672337 0.6460308 0.027445555 0.4937321 0.3416499 0.07264984 0.5909518 0.5498241 0.45605433 0.71657133 -0.4101603 0.62723994 0.34213006 0.53822374 -0.5207925 -0.7212025 -0.21692693 0.42836452 -0.051253557 -0.8903208 -0.32794595 -0.4527563 -0.091441154 
-0.26652312 -0.76615 -0.5991305 0.27843773 0.20568502 -0.715912 0.0534544 -0.59549344 -0.9598197 -0.97547555 0.11032176 -0.55643404 -0.22384322 -0.6076323 0.4937321 0.73474896 -0.19644427 0.13022208 0.15052557 -0.09703088 0.41247797 -0.059731603 -0.6496532 -0.36973822 -0.73959124 -0.6009923 -0.85113275 -0.020689249 0.6961268 0.7175964 -0.7684506 0.7150309 -0.012253284 0.8151543 
0.20762277 0.23352683 0.38534892 0.9727838 0.72085595 0.7241621 8.343458E-4 -0.7914227 0.90339005 -0.7991955 0.8155328 -0.13248873 -0.24987364 -0.25376856 -0.716614 0.7251214 -0.9707639 0.587577 0.31142485 0.5999719 -0.068274975 -0.67684734 -0.06065488 0.5074085 -0.7854694 -0.43588102 0.44396758 -0.3092053 0.60675514 -0.22910833 -0.3539785 -0.64748585 0.473387 0.28655267 
0.69665015 -0.74362457 -0.6293112 -0.21449232 0.22507846 0.8720646 -0.7567749 0.7938355 0.21198404 -0.48584247 0.11032176 -0.89255273 -0.22384322 0.020541549 0.4937321 -0.18523932 0.58605075 0.12132883 0.85066247 0.34837115 0.91439235 0.5270313 -0.8298253 -0.8199531 0.19088733 0.66115975 0.4459107 -0.6281675 0.6961268 0.013098955 -0.9415412 0.045489788 -0.012253284 0.8665086 
-0.252303 -0.76615 -0.10659909 -0.19484591 0.27135682 -0.715912 0.67561615 -0.59549344 0.4676155 -0.97547555 -0.23198986 -0.55643404 0.6460308 -0.6076323 0.4937321 0.73474896 0.29633808 0.13022208 0.34727883 -0.09703088 -0.042871594 -0.059731603 -0.41199315 -0.36973822 0.53822374 -0.6009923 0.9917164 -0.020689249 -0.6812264 0.7175964 -0.8903208 0.7150309 0.9984392 0.8151543 
0.69665015 -0.74362457 -0.6293112 -0.043244958 0.22507846 0.8720646 -0.7567749 0.7938355 0.21198404 -0.48584247 0.11032176 -0.89255273 0.44363916 -0.68148196 0.4937321 -0.18523932 0.58605075 0.12132883 0.85066247 0.28227508 0.91439235 0.5270313 -0.8298253 -0.8199531 0.19088733 0.66115975 0.41782677 -0.6281675 0.6961268 0.013098955 -0.9415412 0.045489788 -0.012253284 0.8665086 
0.69665015 -0.74362457 -0.6293112 -0.043244958 0.22507846 0.8720646 -0.7567749 0.7938355 0.21198404 -0.48584247 0.11032176 -0.89255273 0.44363916 -0.68148196 0.4937321 -0.18523932 0.58605075 0.12132883 0.85066247 0.28227508 0.91439235 0.5270313 -0.8298253 -0.8199531 0.19088733 0.66115975 0.41782677 -0.6281675 0.6961268 0.013098955 -0.9415412 0.045489788 -0.012253284 0.8665086 
0.69665015 -0.74362457 -0.6293112 -0.043244958 0.22507846 0.8720646 -0.7567749 0.7938355 0.21198404 -0.48584247 0.11032176 -0.89255273 0.44363916 -0.68148196 0.4937321 -0.18523932 0.42482126 0.88108826 0.85066247 0.28227508 0.91439235 0.24015999 -0.8298253 -0.8199531 0.19088733 0.66115975 0.24125421 -0.6281675 0.6961268 0.013098955 -0.7548673 0.045489788 -0.92616916 0.8665086 
0.20762277 0.88798785 0.38534892 0.8277477 0.72085595 0.7241621 0.04242456 0.7318107 0.90339005 -0.7991955 0.07191086 -0.38248456 -0.24987364 -0.25376856 -0.716614 -0.94677484 -0.9707639 -0.43164563 -0.13175106 0.5999719 0.38771737 0.22000563 -0.06065488 -0.7515032 -0.7854694 -0.43588102 0.44396758 -0.3092053 0.60675514 -0.22910833 -0.41384304 -0.64748585 0.28742015 0.11771524 
-0.5562912 -0.74362457 -0.6293112 -0.74862695 0.22507846 0.8720646 -0.7567749 0.2515192 0.21198404 -0.48584247 0.11032176 -0.7661034 0.44363916 -0.68148196 0.4937321 -0.18523932 0.42482126 0.88108826 0.85066247 0.28227508 0.7749815 0.24015999 0.41889703 0.555655 -0.90850604 -0.5903641 0.24125421 -0.6281675 0.6961268 0.013098955 -0.04548514 0.045489788 -0.92616916 0.8665086 
0.69665015 -0.74362457 0.48605418 -0.69154453 0.4307238 0.8720646 0.5229448 0.87554514 0.21198404 -0.4916737 0.11032176 -0.89255273 -0.22384322 0.0060851574 0.4937321 0.4467963 -0.3896271 -0.5275464 0.85066247 0.28227508 0.91439235 -0.7400491 -0.8298253 -0.8199531 0.35365224 0.66115975 0.41782677 -0.6281675 -0.15307188 0.9051398 -0.92946863 0.045489788 -0.5194824 -0.48531425 
-0.5562912 -0.74362457 -0.6293112 -0.74862695 0.22507846 0.8720646 -0.7567749 0.2515192 0.21198404 -0.48584247 0.11032176 -0.7661034 0.44363916 -0.68148196 0.4937321 -0.18523932 0.42482126 0.78564537 0.85066247 0.28227508 0.7749815 0.24015999 0.41889703 0.555655 -0.90850604 -0.5903641 0.24125421 -0.6281675 0.6961268 0.013098955 -0.04548514 0.045489788 -0.92616916 0.8665086 
0.69665015 -0.74362457 0.7096039 -0.69154453 0.4307238 0.8720646 0.108510375 0.87554514 0.21198404 -0.4916737 0.8265885 -0.89255273 -0.22384322 0.0060851574 0.4937321 0.4467963 -0.6450286 -0.5275464 0.85066247 0.28227508 0.91439235 -0.7400491 -0.8298253 -0.8199531 0.55012894 0.66115975 0.41782677 -0.6281675 -0.15307188 0.9051398 -0.92946863 0.045489788 -0.5194824 -0.48531425 
0.69665015 -0.74362457 0.7096039 0.8592093 0.4307238 0.8720646 0.108510375 0.062299848 0.7682334 0.63554883 0.8265885 -0.89255273 -0.22384322 0.96161175 0.4937321 0.6368772 -0.6450286 -0.5275464 0.85066247 0.28227508 0.91439235 -0.7400491 -0.8298253 -0.8199531 0.55012894 0.66115975 0.41782677 -0.6281675 -0.15307188 0.9051398 -0.92946863 0.6386107 -0.5194824 -0.48531425 
-0.31967556 0.22802162 -0.55786073 0.84017694 -0.40100038 -0.715912 0.04242456 -0.59549344 0.90339005 -0.9212823 0.48722374 0.6597128 0.34078205 -0.65096533 0.8244935 -0.28628826 0.53970766 -0.3502202 -0.3676324 0.00619781 0.38771737 -0.28690958 -0.06065488 0.7625532 0.73577857 -0.6460011 0.33177936 -0.020689249 0.32170796 0.8009982 -0.4514345 0.9346508 -0.7811601 -0.9411001 
0.0435282 0.9432608 -0.14773536 -0.19484591 -0.37940776 0.7890129 0.52146244 -0.59549344 -0.3585794 -0.42937827 -0.5893024 -0.85456276 -0.46163487 0.9229939 0.78890085 -0.19093108 -0.3303752 0.13022208 0.7107731 0.2282064 -0.9377805 0.20808375 -0.5916196 0.21376896 0.6424432 -0.6460011 -0.2906103 0.978637 -0.0099589825 0.8009982 0.24940205 -0.022688985 0.68157244 0.8151543 
0.14901209 0.08324146 0.16781163 -0.080189824 0.4307238 -0.7934867 0.108510375 0.062299848 0.7682334 0.63554883 0.8265885 -0.89255273 -0.22384322 0.96161175 0.4937321 0.6368772 -0.6450286 -0.5275464 0.85066247 0.28227508 0.91439235 -0.7400491 -0.8298253 -0.9647728 0.69383943 0.5300431 0.41782677 -0.6281675 0.32600462 0.9051398 -0.92946863 0.25929916 0.3320942 0.13861597 
0.0435282 0.9432608 -0.14773536 -0.19484591 -0.37940776 0.7890129 0.52146244 0.13967311 -0.3585794 -0.42937827 -0.5893024 -0.85456276 -0.46163487 0.9229939 0.38152242 0.1856637 -0.3303752 -0.19280684 0.7107731 0.2282064 -0.9377805 0.20808375 -0.5916196 0.21376896 -0.18472219 -0.6460011 -0.2906103 0.978637 -0.0099589825 0.8009982 0.24940205 0.46942258 0.68157244 0.8151543 
0.0435282 0.9432608 -0.14773536 -0.19484591 -0.37940776 0.15313244 -0.15871608 0.13967311 -0.3585794 -0.42937827 -0.5893024 -0.83053577 -0.46163487 0.9229939 0.38152242 0.1856637 0.13164055 -0.24487686 0.7107731 0.2282064 -0.9377805 0.20808375 -0.5916196 -0.103603005 -0.18472219 -0.6460011 -0.2906103 0.978637 -0.0099589825 0.8009982 0.24940205 0.46942258 0.5506997 0.8151543 
0.0435282 0.9432608 0.6869633 -0.19484591 0.18740284 0.15313244 -0.15871608 0.8111292 -0.3585794 -0.42937827 -0.5893024 -0.83053577 -0.46163487 0.9229939 0.38152242 0.1856637 0.13164055 -0.24487686 0.7107731 0.2282064 -0.9377805 0.20808375 -0.5916196 -0.103603005 -0.18472219 -0.6460011 -0.2906103 0.978637 -0.0099589825 0.8009982 0.24940205 -0.26116383 0.5506997 0.8151543 
0.18868053 0.97915614 0.6869633 -0.48150432 0.18740284 0.15313244 -0.06196487 0.8407171 0.69609797 -0.42937827 -0.98443675 -0.83053577 -0.7763088 0.9229939 0.30617976 -0.18803787 0.24284089 0.3881675 0.7107731 0.2282064 -0.66984165 0.31010902 -0.5916196 0.8970927 -0.24924886 -0.94286466 -0.419672 0.978637 -0.8336388 0.8009982 0.24940205 -0.26116383 0.5506997 0.8151543 
-0.17116714 0.24042296 0.13541985 -0.7377131 -0.37940776 -0.90840435 -0.19565463 -0.59549344 -0.3585794 0.10321367 -0.5893024 -0.85456276 -0.46163487 0.9229939 0.78890085 -0.8529639 -0.30920506 0.35196495 -0.94406474 0.9390799 -0.9377805 -0.001725316 -0.9027841 0.92123735 0.6424432 -0.5936508 -0.5962553 -0.143116 -0.4588095 -0.33610642 0.7870543 0.25231946 0.68157244 -0.22472596 
-0.17116714 0.24042296 0.13541985 -0.7377131 -0.37940776 -0.90840435 -0.19565463 -0.59549344 -0.3585794 0.10321367 -0.5893024 -0.85456276 -0.46163487 0.9229939 0.78890085 -0.8529639 -0.30920506 0.35196495 -0.94406474 0.9390799 -0.9377805 -0.001725316 -0.9027841 0.92123735 0.6424432 -0.5936508 -0.5962553 -0.143116 -0.4588095 -0.33610642 0.7870543 0.25231946 0.68157244 -0.22472596 
0.7164618 0.24042296 -0.28511 -0.7377131 -0.37940776 0.5177698 -0.19565463 0.48891604 0.70945287 -0.37093914 -0.5893024 -0.89049554 -0.7809621 0.9229939 0.78890085 -0.8529639 -0.30920506 -0.8206948 -0.94406474 -0.44432318 -0.9377805 -0.001725316 -0.9027841 0.92123735 0.6424432 -0.5936508 -0.5962553 -0.143116 -0.4588095 -0.33610642 0.7870543 0.25231946 0.68157244 -0.22472596 
0.7164618 0.24042296 -0.28511 -0.7377131 -0.37940776 0.5177698 -0.19565463 0.48891604 0.70945287 -0.37093914 -0.5893024 -0.89049554 -0.7809621 0.9229939 0.78890085 -0.8529639 -0.30920506 -0.8206948 -0.94406474 -0.44432318 -0.9377805 -0.001725316 -0.9027841 0.92123735 0.6424432 -0.5936508 -0.5962553 -0.143116 -0.4588095 -0.33610642 0.7870543 0.25231946 0.68157244 -0.22472596 
0.24758995 0.08842158 0.13525069 0.8996196 0.4307238 -0.19114518 -0.0108988285 -0.089624405 0.21510673 -0.8290161 0.31323755 0.809973 0.71002877 0.90068614 0.16770005 -0.110408545 -0.6450286 -0.38824344 -0.3867663 -0.95438516 0.91439235 0.9055002 0.8219837 0.60538816 0.46216655 0.5300431 0.80074584 0.74981546 0.32600462 0.9051398 -0.92946863 -0.6139529 0.3043058 0.13861597 
0.24758995 0.08842158 0.13525069 -0.080189824 0.4307238 0.8864541 -0.72816217 -0.32699025 0.21510673 0.06371772 0.31323755 0.83124745 0.71002877 0.96161175 0.16770005 -0.7580236 -0.6450286 -0.5275464 -0.3867663 0.46641183 0.91439235 -0.33937013 0.8219837 0.60538816 0.46216655 0.5300431 0.80074584 -0.6281675 0.32600462 0.9051398 -0.92946863 -0.6139529 0.3043058 0.13861597 
-0.26671684 0.10600889 0.38534892 0.8277477 -0.40100038 -0.3843534 -0.915781 0.72753286 0.43954718 0.42430174 -0.13628423 -0.21505249 0.85779357 -0.25376856 0.6938884 -0.18252957 0.21107733 -0.43164563 -0.6855422 -0.6495509 0.37626815 0.9117664 0.98667765 0.47158515 -0.70136356 0.13335979 -0.6213287 -0.11828053 -0.9544064 0.009207606 -0.25026345 -0.86114395 -0.56475747 -0.6497898 
0.2101078 0.74377596 -0.13361955 -0.05388403 -0.37940776 -0.32566023 -0.19565463 -0.17305267 -0.3585794 -0.37093914 -0.5893024 0.819582 -0.78788173 -0.4636464 0.36958253 -0.8529639 0.8123472 -0.8206948 -0.62467194 -0.44432318 -0.60165524 -0.001725316 0.80537546 0.940462 0.19457126 -0.5936508 -0.9014751 -0.82013977 -0.99530447 -0.33610642 -0.98089516 -0.009673715 -0.5745561 -0.22472596 
0.24758995 -0.9180838 -0.8378506 -0.19168413 0.4307238 0.45614254 -0.0108988285 -0.22326505 0.21510673 0.42430174 0.9520339 -0.5781683 0.5504892 -0.25376856 0.16770005 0.131464 -0.6450286 -0.43164563 -0.3867663 -0.6495509 0.7892047 0.9117664 0.48058832 0.9306934 0.46216655 0.13335979 0.80074584 0.9947909 0.60244465 0.08282423 -0.92946863 -0.86114395 0.3043058 0.26428664 
0.2101078 0.9860363 -0.15609944 0.26794577 -0.5784204 -0.32566023 -0.19565463 -0.17305267 -0.3585794 -0.37093914 0.32218242 0.6746572 -0.78788173 0.4676193 0.36958253 -0.7365234 0.41818738 -0.8206948 -0.62467194 -0.20166302 -0.33389413 0.8343686 0.80537546 0.1535033 0.19457126 -0.5936508 -0.9014751 0.92924166 0.076579094 0.44544542 -0.98089516 -0.45360088 -0.5745561 -0.22472596 
0.2101078 0.9860363 -0.15609944 -0.80223584 -0.5784204 -0.32566023 -0.19565463 -0.17305267 -0.5629853 -0.37093914 0.32218242 0.6746572 -0.78788173 0.4676193 0.36958253 -0.7365234 0.41818738 -0.8206948 -0.62467194 -0.20166302 -0.33389413 0.8343686 0.80537546 0.1535033 0.19457126 -0.5936508 -0.9014751 0.92924166 0.076579094 0.44544542 0.8477676 -0.45360088 -0.5745561 -0.22472596 
-0.26671684 0.10600889 -0.18336523 0.8277477 0.7126874 -0.3843534 -0.915781 0.72753286 0.43954718 0.42430174 -0.67574966 0.23649168 0.85779357 -0.25376856 0.664451 -0.18252957 0.23681569 -0.4428352 -0.8853438 -0.6495509 -0.2536763 -0.2752726 0.7651292 0.47158515 0.90632474 -0.15391529 -0.54968643 -0.60886204 -0.9544064 0.14975917 -0.25026345 -0.86114395 -0.20089555 -0.7142775 
0.34202707 0.9665141 -0.8276408 0.6930027 -0.37940776 0.15162754 -0.6833286 0.27111542 -0.6423818 -0.42937827 -0.24159348 -0.56230164 0.29194975 -0.9000716 0.22460592 -0.6706213 0.33066738 -0.40284407 -0.8782191 -0.8095323 -0.6077672 0.18004394 -0.9027841 0.5270406 0.21622598 -0.15480042 0.0475837 -0.48341894 0.9142784 0.4163953 0.04301858 -0.5065268 0.54733086 0.5878179 
0.2101078 -0.9180838 -0.13361955 -0.47035992 0.13182378 -0.72436607 -0.19565463 -0.54883206 -0.3585794 -0.5621438 0.32218242 -0.5781683 -0.78788173 -0.532382 0.287686 0.131464 0.15348876 -0.43164563 -0.62467194 -0.36676216 -0.33389413 0.9763032 0.6976124 0.9306934 0.8308798 -0.045906782 -0.095691204 -0.6581603 0.076579094 0.08282423 -0.98089516 -0.86114395 -0.5745561 -0.88470554 
0.2101078 -0.9180838 -0.13361955 -0.47035992 0.13182378 -0.72436607 -0.19565463 -0.54883206 -0.3585794 -0.5621438 0.32218242 -0.5781683 -0.78788173 -0.532382 0.5639019 0.131464 0.15348876 -0.43164563 -0.62467194 -0.36676216 -0.33389413 0.9763032 0.6976124 0.9306934 0.8308798 -0.045906782 -0.095691204 -0.6581603 0.076579094 0.08282423 -0.98089516 -0.86114395 -0.5745561 -0.88470554 
0.2101078 0.10600889 -0.15609944 0.44824266 -0.5784204 -0.3843534 -0.19565463 0.72753286 -0.79324317 0.42430174 0.8695854 0.6765791 -0.78788173 -0.25376856 0.36958253 -0.18252957 -0.10844755 0.0942955 -0.62467194 -0.6495509 -0.33389413 -0.2752726 0.6069584 0.47158515 0.93261886 -0.15391529 -0.9014751 -0.11828053 0.076579094 0.14975917 0.8477676 -0.86114395 -0.5745561 -0.6497898 
0.2101078 0.10600889 -0.8820355 0.44824266 -0.5784204 -0.3843534 -0.19565463 0.72753286 -0.79324317 0.42430174 0.8695854 0.6765791 -0.78788173 -0.25376856 0.36958253 -0.18252957 -0.10844755 0.0942955 0.13940978 -0.31032646 -0.33389413 -0.2752726 0.7248832 0.47158515 0.9940295 -0.15391529 -0.9014751 -0.11828053 0.076579094 0.14975917 0.8477676 -0.86114395 -0.5745561 -0.6497898 
0.2101078 0.10600889 -0.44256127 0.44824266 -0.5784204 -0.3843534 -0.19565463 0.72753286 -0.9654511 0.42430174 0.8695854 0.6765791 -0.78788173 0.59506035 0.36958253 -0.18252957 -0.10844755 0.0942955 0.13940978 -0.31032646 -0.33389413 -0.2752726 0.7248832 0.47158515 0.9940295 0.13640082 -0.9014751 -0.11828053 0.076579094 0.14975917 0.8477676 -0.86114395 -0.5745561 -0.6497898 
0.2101078 -0.971068 0.8828838 0.8277477 0.13274455 -0.3843534 -0.19565463 0.594154 0.5479742 0.42430174 0.8695854 0.77782524 -0.78788173 -0.25376856 0.36958253 -0.12011981 -0.021081448 -0.43164563 0.13940978 0.7052406 -0.33389413 0.1746881 0.7248832 -0.9888232 0.3506806 0.84314144 0.10756874 -0.11828053 -0.89974785 0.30330694 0.8477676 -0.92493224 -0.5745561 -0.6497898 
0.34202707 -0.12719321 -0.44950116 0.6930027 0.7007178 -0.7165029 -0.8610269 0.27111542 -0.6423818 0.7230979 -0.24159348 0.4174435 0.29194975 0.5652807 0.7407216 -0.6706213 -0.8775426 -0.40284407 -0.84864175 -0.48908377 0.3690499 0.18004394 -0.9027841 -0.5336493 0.21622598 -0.75969183 0.3922932 -0.2557032 -0.6077086 0.4163953 0.04301858 0.7822709 0.9997339 0.5878179 
-0.9948375 0.52266073 0.8652539 -0.06416142 0.7671515 -0.3843534 0.74175274 0.72753286 -0.9654511 0.28410316 -0.28403533 0.55453336 -0.78788173 -0.18466544 -0.008821607 -0.18252957 0.21577418 -0.23829603 0.13940978 0.9499415 -0.33389413 -0.2752726 0.7248832 0.3210355 0.54623294 0.13640082 0.627681 0.9416363 0.076579094 0.14975917 0.8477676 -0.86114395 -0.02938068 0.22227871 
-0.7487048 0.38433254 -0.3179375 0.38074255 -0.58807456 -0.3843534 0.74175274 -0.7946428 -0.22654963 0.42430174 -0.76915884 0.77782524 -0.78788173 -0.17526007 -0.62728107 -0.12011981 0.21577418 -0.43164563 -0.24233758 -0.105149865 -0.33389413 0.1746881 0.7248832 -0.9888232 0.54623294 0.84314144 0.627681 -0.11828053 -0.38489604 0.30330694 0.8477676 -0.92493224 0.9335507 -0.6497898 
0.34202707 0.25416434 -0.44950116 0.6930027 0.7007178 -0.79058087 -0.067285895 0.27111542 -0.6423818 0.6966318 -0.24159348 0.4174435 0.29194975 0.5652807 0.7407216 0.7283398 -0.8775426 -0.40284407 -0.84864175 -0.48908377 0.3690499 0.18004394 -0.9027841 0.24192452 0.21622598 -0.75969183 -0.7265955 -0.3090706 -0.6077086 0.049948692 0.04301858 0.7822709 0.41691685 0.5878179 
-0.552737 -0.1990813 -0.5960494 0.75733864 0.3488555 -0.3843534 -0.19565463 0.38322222 -0.9654511 0.42430174 0.84648085 0.1722498 0.443946 0.59506035 0.36958253 0.068606734 -0.5694696 0.8890456 0.13940978 -0.31032646 -0.33389413 -0.2752726 -0.5123347 -0.26963925 0.9940295 0.7973875 0.627681 0.6046729 0.076579094 0.14975917 0.6037128 -0.19633222 -0.5745561 -0.6497898 
-0.8990804 0.81332004 0.5420512 0.8277477 0.57409096 -0.3843534 -0.71643984 0.594154 0.4668193 -0.13682032 -0.67574966 -0.713938 0.85779357 0.2497952 0.072126985 -0.12011981 -0.4775685 -0.77290523 -0.8853438 0.6877427 -0.2536763 -0.9393605 0.98667765 -0.82447207 0.5131638 0.93965995 0.42213917 -0.11828053 -0.80166674 -0.7087238 -0.19157338 0.42811787 0.9275924 -0.6497898 
-0.8990804 0.81332004 0.5420512 0.9208591 0.57409096 -0.3843534 -0.71643984 0.594154 0.4668193 -0.13682032 -0.67574966 -0.713938 0.85779357 0.2497952 0.072126985 -0.12011981 -0.4775685 -0.77290523 -0.8853438 0.6877427 -0.2536763 -0.9832065 0.98667765 -0.82447207 0.5131638 0.93965995 0.42213917 -0.11828053 -0.9930692 -0.7087238 -0.19157338 0.42811787 0.9275924 -0.6497898 
-0.8990804 0.81332004 0.5420512 0.9208591 0.57409096 -0.3843534 -0.71643984 -0.56916845 -0.08139312 -0.13682032 -0.67574966 -0.713938 0.85779357 0.2497952 0.072126985 -0.12011981 -0.4775685 0.80095935 0.84808576 0.6877427 -0.2536763 -0.9832065 0.98667765 -0.82447207 0.5131638 0.93965995 0.42213917 -0.11828053 -0.9930692 -0.7087238 -0.19157338 0.42811787 0.9275924 -0.6497898 
-0.19228745 0.25416434 -0.18336523 -0.5486126 0.57409096 -0.79058087 -0.71643984 -0.27501476 0.44413745 0.7192762 -0.67574966 0.4174435 -0.6976887 -0.3267175 -0.80205595 0.23152459 -0.19004023 0.8442217 -0.8853438 -0.37153208 -0.2536763 0.18004394 -0.45312333 0.4785303 -0.33647192 -0.75969183 0.9590485 -0.3090706 -0.20236468 0.049948692 -0.19157338 -0.26953936 -0.4308834 0.5878179 
-0.552737 -0.1990813 -0.5960494 0.75733864 0.3488555 -0.2403301 -0.19565463 0.38322222 -0.9654511 0.42430174 0.37290573 0.1722498 0.36645758 0.59506035 0.36958253 0.4084388 -0.5694696 0.8890456 0.13940978 -0.31032646 -0.33389413 -0.2752726 -0.5123347 -0.08515704 0.9756533 -0.21072388 -0.20894372 0.6046729 0.076579094 0.14975917 0.6037128 -0.19633222 -0.74508715 -0.6497898 
-0.552737 -0.1990813 -0.5960494 0.015687943 0.7864611 -0.2403301 -0.19565463 0.38322222 -0.9654511 0.42430174 -0.0038278103 0.1722498 0.36645758 0.59506035 0.36958253 0.4084388 -0.5694696 0.8890456 0.13940978 -0.31032646 -0.33389413 -0.2752726 -0.5123347 -0.31668222 0.9756533 -0.21072388 -0.20894372 0.6046729 0.076579094 0.14975917 0.6037128 -0.19633222 -0.74508715 -0.6497898 
-0.552737 -0.1990813 -0.63316286 0.015687943 -0.25178218 -0.2403301 -0.19565463 0.38322222 -0.9654511 0.42430174 -0.0038278103 0.1722498 0.36645758 0.59506035 0.36958253 0.4084388 -0.5694696 0.8890456 -0.7287588 -0.31032646 -0.33389413 -0.2752726 -0.5123347 0.034370303 0.9756533 0.07968509 -0.20894372 0.6046729 0.076579094 0.14975917 0.6037128 -0.19633222 -0.74508715 -0.6497898 
0.66761947 0.059203148 0.9569819 0.9208591 0.7007178 -0.3843534 0.272632 0.02113843 -0.6270894 0.39203262 0.39130592 -0.713938 -0.28008235 0.2497952 -0.34953153 0.62355304 0.1998688 -0.43277085 -0.5538999 -0.39649427 0.6884489 -0.9137504 -0.16337168 -0.82447207 0.21622598 0.93965995 -0.7265955 -0.11828053 -0.6077086 -0.06371546 -0.5319606 0.10920346 -0.3359549 -0.6497898 
-0.552737 -0.1990813 -0.63316286 0.015687943 -0.25178218 -0.2403301 -0.19565463 0.38322222 -0.9654511 0.42430174 -0.0038278103 0.1722498 0.36645758 0.59506035 0.36958253 -0.90591764 -0.5694696 0.8890456 -0.3326403 -0.31032646 -0.33389413 -0.2752726 -0.5123347 0.034370303 0.9756533 0.07968509 -0.20894372 0.6046729 0.076579094 0.14975917 0.6037128 -0.19633222 -0.74508715 -0.6497898 
-0.552737 -0.1990813 -0.63316286 0.015687943 -0.25178218 -0.2403301 -0.19565463 0.38322222 -0.9654511 0.42430174 -0.0038278103 0.1722498 0.36645758 0.59506035 0.36958253 -0.90591764 -0.5694696 0.8890456 -0.3326403 -0.31032646 -0.33389413 -0.2752726 -0.5123347 0.034370303 0.9756533 0.07968509 -0.20894372 0.6046729 0.076579094 0.14975917 0.6037128 -0.19633222 -0.74508715 -0.6497898 
0.66761947 -0.1990813 0.9569819 0.015687943 0.7007178 -0.2403301 0.272632 -0.9589317 0.10398853 0.42430174 0.6704503 0.24843752 -0.28008235 0.59506035 -0.7210636 -0.6930574 0.1998688 0.8890456 -0.5538999 -0.59902763 0.6884489 -0.2752726 -0.24535584 0.6314578 -0.24398935 0.56645286 -0.7265955 -0.89682627 -0.6077086 -0.49835777 0.80076087 -0.24459112 0.784829 -0.6497898 
0.66761947 -0.1990813 0.9569819 0.015687943 0.7007178 -0.2403301 0.272632 -0.9589317 0.10398853 0.42430174 0.6704503 0.24843752 -0.28008235 0.59506035 -0.7210636 -0.6930574 0.1998688 0.8890456 -0.5538999 -0.59902763 0.6884489 -0.2752726 -0.24535584 0.6314578 -0.24398935 0.56645286 -0.7265955 -0.89682627 -0.6077086 -0.49835777 0.80076087 -0.24459112 0.784829 -0.6497898 
0.26189363 0.059203148 -0.32052135 0.0041229725 0.73006773 -0.3843534 -0.7936299 -0.46490943 0.47368085 -0.29272544 0.69545996 0.8271588 -0.6803582 0.28908467 -0.8660456 -0.70805585 -0.10877621 -0.43277085 -0.84864175 -0.17539978 0.5371157 -0.9137504 0.6714964 -0.82447207 0.18136787 -0.6451776 -0.6996311 -0.11828053 0.32861555 0.29662323 -0.36760128 0.10920346 -0.6634257 0.59026873 
-0.18566585 -0.1990813 0.9569819 0.015687943 0.8732438 -0.101881266 0.272632 0.31972122 -0.6270894 0.42430174 -0.44588232 0.1722498 -0.28008235 -0.23624742 -0.27083647 -0.9640131 0.1998688 0.8890456 -0.65281284 0.3724134 0.6884489 -0.48887312 -0.81900644 0.034370303 -0.48305392 0.4909699 -0.05097139 0.6046729 -0.6077086 0.14975917 0.80076087 -0.19633222 -0.20774639 -0.6497898 
0.26189363 0.059203148 -0.32052135 0.0041229725 0.73006773 -0.3843534 -0.7936299 -0.46490943 0.47368085 -0.29272544 0.69545996 0.8271588 -0.6803582 0.28908467 -0.8660456 -0.70805585 -0.10877621 -0.50385594 -0.84864175 -0.17539978 0.5371157 -0.7103348 0.6714964 -0.82447207 0.18136787 -0.6451776 -0.6996311 -0.11828053 0.32861555 0.29662323 -0.36760128 0.10920346 -0.6634257 0.59026873 
-0.552737 -0.1990813 -0.63316286 0.015687943 0.20958734 0.7176877 0.025236845 0.31972122 -0.29240966 0.42430174 -0.7204151 0.1722498 -0.7286266 -0.5078002 -0.8149892 -0.9640131 -0.5694696 0.24174058 -0.3326403 -0.31032646 -0.33389413 -0.2752726 -0.9518814 -0.60617924 0.06605029 0.095864415 0.25419772 0.6046729 0.076579094 0.58496916 0.6037128 -0.15064526 -0.74508715 -0.6497898 
-0.9000479 0.059203148 -0.32052135 0.0041229725 0.73006773 -0.3843534 -0.7936299 -0.46490943 0.5055424 -0.29272544 0.69545996 -0.18025303 -0.6803582 0.28908467 -0.8660456 -0.24908292 -0.10877621 -0.50385594 -0.84864175 -0.17539978 0.5371157 -0.7103348 0.6714964 -0.82447207 0.18136787 -0.6451776 0.9696734 -0.11828053 -0.34877598 0.44829488 0.7983035 0.10920346 -0.6634257 0.59026873 
-0.9000479 0.059203148 -0.32052135 0.0041229725 0.73006773 -0.3843534 -0.7936299 -0.46490943 0.5055424 -0.29272544 0.69545996 -0.18025303 -0.6803582 0.28908467 -0.8660456 -0.24908292 -0.10877621 -0.50385594 -0.84864175 -0.17539978 0.5371157 -0.7103348 0.6714964 -0.82447207 0.18136787 -0.6451776 0.9696734 -0.11828053 -0.34877598 0.44829488 0.7983035 0.10920346 -0.6634257 0.59026873 
-0.9000479 0.059203148 -0.32052135 0.0041229725 0.73006773 -0.3843534 -0.7936299 -0.46490943 0.5055424 -0.29272544 0.69545996 -0.18025303 0.22298515 0.28908467 -0.8660456 -0.24908292 -0.10877621 -0.50385594 -0.84864175 -0.17539978 0.5371157 -0.7103348 0.6714964 -0.82447207 0.18136787 -0.6451776 0.9696734 -0.11828053 -0.5804318 0.44829488 0.7983035 0.10920346 -0.6634257 0.59026873 
-0.9000479 0.059203148 -0.32052135 0.0041229725 -0.94602656 -0.3843534 -0.7936299 0.60817003 0.5055424 -0.29272544 -0.93574786 -0.18025303 0.22298515 0.28908467 0.16734302 -0.24908292 -0.10877621 -0.50385594 -0.84864175 -0.17539978 0.5371157 0.62823844 0.6714964 -0.82447207 0.18136787 -0.6451776 0.9696734 -0.11828053 -0.5804318 0.44829488 0.7983035 0.10920346 -0.6634257 0.59026873 
-0.8577385 0.29655635 -0.45411313 -0.4530896 0.20958734 0.7176877 -0.4862895 0.31972122 0.8191743 0.26865387 -0.7204151 0.1722498 -0.7286266 -0.5078002 -0.6743721 -0.9640131 -0.5694696 0.12610328 -0.3326403 0.017503023 0.2871728 -0.2752726 0.67804086 -0.60617924 0.06605029 0.095864415 0.25419772 0.6593044 0.076579094 0.58496916 0.6037128 -0.84022677 -0.74508715 -0.62790847 
-0.9000479 0.6900071 -0.32052135 -0.9150895 -0.94602656 -0.3843534 -0.7936299 0.60817003 0.5055424 -0.29272544 -0.93574786 -0.18025303 0.22298515 0.28908467 0.16734302 -0.24908292 -0.10877621 -0.50385594 -0.84864175 -0.17539978 0.5371157 0.62823844 0.6714964 -0.82447207 0.18136787 -0.6451776 0.9696734 -0.11828053 -0.5804318 0.44829488 0.7983035 0.10920346 -0.6634257 0.59026873 
-0.9000479 0.6900071 -0.32052135 -0.9150895 -0.94602656 -0.3843534 -0.7936299 0.60817003 0.5055424 -0.29272544 -0.93574786 -0.18025303 0.22298515 0.28908467 0.16734302 -0.24908292 -0.10877621 -0.50385594 -0.84864175 -0.17539978 0.5371157 0.62823844 0.6714964 -0.82447207 0.18136787 -0.6451776 0.9696734 -0.11828053 -0.5804318 0.44829488 0.7983035 0.10920346 -0.6634257 0.59026873 
8.559227E-4 0.29655635 -0.9855852 0.37586558 0.970255 -0.602775 -0.25801218 0.31972122 -0.25731587 0.13221836 0.075794935 0.672029 -0.28008235 -0.9591316 -0.27083647 -0.021475196 0.41769946 -0.73240256 -0.8392128 0.9657886 -0.10692263 -0.2752726 0.23482895 -0.60617924 -0.98215234 0.095864415 0.7634951 -0.84581494 -0.13850582 0.58496916 0.947296 -0.89627385 -0.41776478 0.073403955 
-0.605232 0.43162835 0.16193306 0.6906979 0.52727246 0.07650292 -0.29082823 0.12825406 -0.3153695 -0.2866472 -0.82722783 -0.8173574 -0.19479334 0.12818933 -0.8660456 -0.87616014 0.08430195 0.38191128 0.086407185 -0.13111234 -0.25744903 0.13664341 -0.30983472 -0.031098604 -0.60383904 0.099553466 0.85883427 -0.4472872 0.7130097 -0.1634332 0.28172457 -0.8731723 -0.54157186 0.971321 
-0.605232 0.43162835 0.16193306 0.6906979 0.52727246 0.07650292 -0.29082823 0.12825406 -0.3153695 -0.2866472 -0.82722783 -0.8173574 -0.19479334 0.12818933 -0.8660456 -0.87616014 0.08430195 0.38191128 0.086407185 -0.13111234 -0.25744903 0.13664341 -0.30983472 -0.031098604 -0.60383904 0.099553466 0.85883427 -0.4472872 0.7130097 -0.1634332 0.28172457 -0.8731723 -0.54157186 0.971321 
-0.12228298 0.54370534 0.21594691 -0.029394507 -0.6786368 0.7176877 -0.9333402 0.31972122 -0.50172937 -0.6407956 0.075794935 0.6397277 -0.28008235 0.8613473 -0.27083647 -0.36943066 0.41769946 0.5643897 -0.29391122 0.6450633 -0.469198 0.89831245 0.12969649 0.92796147 0.036954165 0.095864415 0.25807452 -0.44785917 0.33475888 -0.059438825 0.947296 -0.95683074 0.88363886 0.04616046 
-0.605232 0.12851441 0.16193306 0.35904276 -0.722754 -0.3843534 -0.29082823 0.37693715 -0.3153695 0.97561944 -0.82722783 0.27166998 -0.19479334 0.42355943 -0.8660456 0.853901 -0.3562342 0.67209685 -0.8020302 -0.17539978 -0.25744903 0.1092006 -0.30983472 0.59600043 -0.60383904 0.5797566 0.78419816 -0.11828053 0.7130097 -0.8475697 0.28172457 -0.30105984 -0.54157186 0.99344134 
-0.605232 0.12851441 0.16193306 0.35904276 -0.722754 -0.3843534 -0.29082823 0.37693715 -0.3153695 0.97561944 -0.82722783 0.27166998 -0.19479334 0.42355943 -0.8660456 0.853901 -0.3562342 0.67209685 -0.8020302 -0.17539978 -0.25744903 0.1092006 -0.30983472 0.59600043 -0.60383904 0.5797566 0.78419816 -0.11828053 0.7130097 -0.8475697 0.28172457 -0.30105984 -0.54157186 0.99344134 
-0.9000479 -0.58348155 -0.81378174 0.35904276 0.9958352 0.83035636 0.3555491 0.49546683 0.21875715 0.97561944 0.8427527 -0.14804363 0.109791994 0.42355943 0.16734302 0.853901 0.9281024 0.67209685 0.32110536 -0.17539978 0.5310217 0.93137527 -0.28964353 -0.3671137 0.18136787 0.5797566 0.9696734 -0.11828053 -0.5804318 -0.14329898 0.06318903 -0.30105984 0.5642178 -0.72259545 
-0.9000479 0.7160363 -0.81378174 0.35904276 0.9958352 0.3435055 0.3555491 0.49546683 0.21875715 0.97561944 0.8427527 -0.14804363 0.109791994 0.42355943 0.16734302 0.853901 0.9281024 -0.18549001 0.32110536 -0.17539978 0.5310217 -0.8116354 -0.23361671 -0.3671137 0.18136787 0.5797566 0.9696734 -0.11828053 -0.5804318 0.107286215 0.06318903 -0.30105984 0.5642178 -0.63193214 
-0.605232 0.43162835 -0.6611947 -0.7966075 0.54936886 0.07650292 -0.92249393 0.077025056 -0.3153695 -0.26190555 -0.82722783 -0.6862856 -0.87589407 0.12818933 -0.079206824 -0.87616014 -0.3562342 0.38542974 -0.562752 -0.13111234 -0.25744903 0.40417063 -0.30983472 -0.031098604 -0.60383904 0.099553466 -0.04058826 -0.56065094 0.66512704 -0.3795221 0.8865838 -0.6428889 -0.54157186 0.971321 
0.53698814 0.58432055 0.7345253 -0.029394507 0.53687906 0.28910804 -0.58356154 0.8955101 0.21875715 -0.6162605 -0.44342995 0.990661 -0.07318866 0.27192116 0.16734302 -0.4591434 0.9281024 -0.10145044 0.32110536 0.8150817 0.85129714 0.6690297 -0.99264836 0.59847593 0.18136787 0.325827 0.9696734 0.6593044 -0.5804318 0.58496916 -0.7035173 -0.95683074 0.5323322 0.36652243 
-0.605232 0.43162835 -0.6611947 -0.111814976 0.54936886 0.07650292 -0.92249393 0.077025056 -0.3153695 0.45243597 -0.82722783 -0.8751657 0.28682923 0.12818933 -0.46463776 -0.87616014 -0.75960326 0.38542974 0.40820384 -0.9241568 -0.25744903 0.40417063 -0.30983472 -0.031098604 -0.60383904 0.099553466 -0.04058826 -0.72866726 0.66512704 -0.3795221 0.8865838 -0.6428889 -0.54157186 0.971321 
0.69233847 0.34560454 -0.43588138 0.6229341 -0.7204788 -0.5722214 0.038101435 0.91133463 -0.7450415 0.71881855 -0.055561066 0.06681967 0.73379314 -0.45048594 -0.58020043 0.7313136 -0.4249226 -0.20724535 -0.99578667 0.37957823 0.06736815 0.6484126 -0.9403658 -0.60617924 -0.33143854 -0.22173417 -0.88829005 0.7053267 0.756068 0.29059112 -0.9387132 -0.18736148 -0.41776478 0.092849016 
