0.7075887 -0.4686079 0.6502737 -0.43169713 0.8780265 -0.81828535 0.6222445 -0.58704615 -0.30605114 -0.81150293 0.6689551 -0.265177 -0.19577551 -0.3532096 -0.6831198 0.41951966 -0.43607986 0.52178967 0.7246629 -0.119086266 0.5963446 -0.47733295 0.8109045 -0.19439578 0.64571035 -0.41470706 0.11251068 -0.6217786 0.096928716 0.7675425 0.826555 -0.056783676 0.50586593 0.97366416 

0.7075887 -0.4686079 0.6502737 -0.43169713 -0.17324829 -0.81828535 0.6222445 -0.58704615 0.70897746 -0.81150293 0.6689551 -0.265177 -0.19577551 -0.3532096 0.4200138 0.41951966 -0.43607986 0.52178967 0.21682441 -0.119086266 0.5963446 -0.45114028 0.8109045 -0.19439578 0.64571035 -0.41470706 0.11251068 -0.6217786 0.096928716 0.7675425 0.826555 -0.056783676 0.50586593 -0.65900075 

0.7075887 0.9312006 0.6502737 0.55937326 0.8780265 -0.81656253 0.6222445 0.2871803 0.70897746 0.6908064 0.6689551 0.2044481 0.82845294 -0.14109135 0.5339501 0.18397927 -0.43607986 0.80173194 0.7246629 0.061075807 0.5963446 0.26317704 -0.056372285 0.98318064 -0.08457458 -0.13185763 0.11251068 0.39043164 0.096928716 0.27961147 0.826555 -0.24583519 0.50586593 0.7206209 

0.24523938 -0.4686079 -0.88206553 0.25329006 -0.7802441 0.30374074 0.28486454 0.1580106 -0.24606371 0.90083766 0.14594448 -0.81025493 0.10721123 0.042708635 0.34157717 0.9825764 -0.84185696 0.52178967 0.5205729 0.91382504 0.69474244 0.074658275 -0.3857895 -0.22788775 0.5387373 0.41721356 0.75214136 0.6842221 0.6689631 0.42745638 -0.7708422 -0.78150356 0.7762592 -0.4502399 

0.24523938 0.9312006 0.9593835 0.8016038 -0.042673707 0.6352885 -0.6568837 0.2871803 -0.9074515 0.6908064 0.81759167 -0.16650045 0.10721123 -0.14109135 0.34157717 0.18397927 -0.029465199 0.80173194 0.7991948 -0.043579817 0.84619963 0.18226182 0.25279677 0.7605392 -0.13312376 -0.56350756 0.75214136 0.83818614 0.96003926 0.72451746 -0.21416986 0.5348022 0.4755814 0.078716755 

-0.28879893 -0.8864181 -0.2110902 0.99044406 -0.928102 -0.6383728 0.7991303 -0.7418977 -0.81830156 -0.4905964 0.13200033 -0.9678377 -0.20046389 0.3303485 0.88192606 0.9946581 0.9702916 0.8671516 0.88232076 -0.48687613 -0.44054794 -0.9996898 -0.4465587 -0.14188528 -0.16700554 0.26279104 0.61714613 -0.41647935 -0.3022468 0.7509471 0.37590146 -0.81308246 0.31476402 0.86834824 

-0.42673433 0.06587422 -0.54750776 0.5327898 -0.8374485 -0.81656253 0.26042295 -0.47122347 0.7208388 0.6133461 -0.39146972 0.2044481 0.5207106 -0.8331648 0.85483253 0.18397927 -0.31441534 -0.24436224 -0.3862151 0.061075807 -0.15709615 0.26317704 0.92934144 0.12636757 -0.42166686 -0.8308494 -0.28677583 0.39043164 -0.24424803 -0.20861018 0.85459733 -0.9194406 -0.11074114 0.7206209 

-0.42673433 0.06587422 -0.54750776 0.5327898 -0.8374485 -0.81656253 0.26042295 -0.47122347 0.7208388 0.6133461 -0.39146972 0.2044481 0.5207106 -0.8331648 0.85483253 0.18397927 -0.31441534 -0.24436224 -0.3862151 0.061075807 -0.15709615 0.26317704 0.92934144 0.12636757 -0.42166686 -0.8308494 -0.28677583 0.39043164 -0.24424803 -0.20861018 0.85459733 -0.9194406 -0.11074114 0.7206209 

0.24523938 0.53879845 0.93323696 0.5327898 -0.62865376 0.5505607 0.28486454 -0.47122347 0.94415927 0.6133461 0.14594448 0.2044481 0.52678883 0.4360733 -0.98356855 0.18397927 -0.34911418 -0.24436224 0.2541207 0.061075807 0.69474244 0.26317704 -0.3857895 0.12636757 -0.60359573 -0.7448541 0.72417927 -0.7895688 0.6689631 -0.20861018 -0.7708422 -0.9194406 -0.05992353 0.5407263 

0.24523938 0.53879845 0.93323696 0.7633518 -0.36659884 0.5505607 0.28486454 -0.47122347 0.94415927 0.6133461 0.14594448 -0.93514466 0.52678883 0.4360733 0.628912 0.18397927 -0.34911418 -0.24436224 0.2541207 0.061075807 0.69474244 0.26317704 -0.3857895 0.12636757 -0.60359573 -0.7448541 0.72417927 -0.7895688 0.6689631 -0.20861018 -0.7708422 -0.69391155 -0.05992353 0.5407263 

0.7712252 0.05833149 -0.54750776 -0.609599 -0.8374485 -0.81656253 0.26042295 -0.043413997 0.7208388 0.6763935 -0.39146972 0.33607566 0.5207106 -0.8331648 0.14914274 0.18397927 -0.31441534 0.080225825 -0.3862151 -0.9088348 -0.96564317 0.26317704 -0.83186936 0.12636757 -0.42166686 -0.017393112 -0.19413412 0.39043164 -0.24424803 -0.20861018 0.7105293 -0.31651795 -0.11074114 0.7206209 

0.24523938 0.53879845 0.016519427 0.7633518 -0.36659884 0.5505607 0.28486454 -0.47122347 0.94415927 0.6133461 0.14594448 -0.93514466 0.52678883 0.4360733 0.628912 0.18397927 -0.34911418 -0.24436224 0.2541207 0.061075807 0.26262844 0.26317704 -0.3857895 0.12636757 -0.60359573 -0.7448541 0.72417927 -0.7895688 0.6689631 -0.20861018 -0.7708422 -0.69391155 -0.05992353 0.5407263 

0.24523938 0.53879845 -0.2977885 -0.7533102 -0.36659884 0.5505607 0.28486454 -0.47122347 0.94415927 0.92245245 0.14594448 -0.93514466 0.52678883 0.4360733 0.628912 -0.43023527 -0.34911418 -0.24436224 0.440498 0.061075807 0.26262844 0.26317704 -0.3857895 0.12636757 -0.60359573 -0.7448541 0.72417927 -0.7895688 0.6689631 -0.20861018 -0.7708422 -0.69391155 -0.05992353 0.058626533 

0.9168787 0.53879845 -0.2977885 -0.7533102 0.21345747 0.5505607 0.61225593 -0.47122347 0.94415927 0.92245245 0.14594448 -0.93514466 0.52678883 0.4360733 0.628912 -0.43023527 -0.34911418 -0.24436224 0.440498 0.061075807 0.26262844 0.26317704 -0.3857895 0.12636757 -0.60359573 -0.7448541 0.72417927 -0.7895688 0.6689631 -0.6130223 -0.7708422 -0.69391155 0.97645855 0.058626533 

0.7712252 -0.7770761 0.22021925 -0.609599 -0.8374485 -0.81656253 0.26042295 0.20869732 0.7208388 0.6763935 -0.39146972 0.33607566 -0.3944044 -0.8331648 0.14914274 0.18397927 -0.31441534 0.40510488 -0.3862151 0.9393252 0.18719876 -0.23454487 0.28386796 0.12636757 0.72748244 -0.7811531 -0.19413412 0.39043164 -0.24424803 -0.20861018 0.7105293 0.9618436 -0.3601451 -0.84323597 

-0.81505215 -0.33302724 -0.2110902 -0.609599 -0.804458 0.10978043 0.7537708 -0.043413997 0.9355334 0.6763935 0.6146792 0.33607566 -0.20046389 0.8700011 0.88192606 0.18397927 0.96557117 0.080225825 -0.27381456 -0.9088348 -0.44054794 0.23957157 0.6137506 0.12636757 -0.2697928 -0.5341922 0.35180902 0.34367228 0.39537668 -0.6819366 0.21615195 0.2614671 -0.28688025 -0.53079784 

0.66898036 0.34631252 -0.2110902 -0.76376796 -0.66835034 -0.39386928 0.0036262274 0.718035 -0.09796333 -0.024888277 0.6146792 -0.04379046 0.84242916 0.4887781 0.88192606 -0.41758037 0.96557117 0.39539695 -0.27381456 -0.74822724 -0.44054794 -0.6824622 -0.10610771 -0.7098136 -0.2697928 -0.41470706 0.12794137 0.26543927 0.39537668 0.75115764 0.21615195 0.5700208 -0.28688025 0.97366416 

0.66898036 0.34631252 -0.2110902 -0.76376796 -0.66835034 -0.39386928 0.5646715 0.718035 -0.09796333 -0.024888277 0.6146792 -0.04379046 0.84242916 0.4887781 0.88192606 -0.7939037 0.96557117 0.39539695 -0.27381456 -0.74822724 -0.44054794 -0.6824622 -0.10610771 -0.7098136 -0.2697928 -0.41470706 -0.7385062 0.26543927 0.39537668 0.75115764 0.21615195 0.5700208 -0.18668675 -0.7254168 

0.019084811 -0.3230009 0.93323696 -0.4541005 0.76690185 -0.03559065 -0.4602841 -0.14573455 -0.10752928 -0.56784 0.14594448 -0.6934469 0.52678883 -0.59249306 -0.8245132 -0.7097546 0.935899 0.8532623 -0.3374573 -0.8765043 0.8007759 -0.9996898 0.56898963 -0.9805093 0.5387373 0.8902242 0.72417927 -0.41647935 0.6689631 0.2913152 0.054479003 -0.81308246 0.28275144 0.45107687 

