0.5976542 0.42068613 0.061354518 0.3210287 -0.6356244 0.64403796 0.16205287 0.39655805 -0.92663336 0.050258994 0.30067623 0.23240793 0.25479794 -0.54060376 0.45167387 0.6128619 0.8807639 0.9150274 -0.72510445 -0.8424797 -0.4415003 0.8631644 -0.0593853 -0.5414922 0.9634967 -0.8673389 0.724342 -0.094480515 -0.29994392 0.19548607 -0.8432231 0.0476377 0.54534566 -0.89245594
0.36339974 0.52369905 0.822147 0.73262274 -0.4524523 0.7656406 0.61847186 0.13851655 -0.015329599 -0.5001743 -0.6420084 0.30431318 -0.874455 0.45186412 0.43812418 0.053444028 -0.13846743 0.89546037 -0.8679769 -0.35384583 -0.9890312 -0.5446416 -0.65947795 -0.31330013 -0.22301328 0.114105105 0.8171601 -0.96094763 -0.17048621 0.686993 0.68693066 0.5503998 -0.7796153 0.3527869
-0.50300086 0.322428 0.822147 0.53212965 0.9975866 0.60498023 0.61847186 0.73095596 -0.015329599 -0.054415703 -0.68963337 -0.4958353 -0.874455 0.59609914 0.43812418 0.020566344 -0.13846743 0.60487366 -0.8679769 0.30276453 -0.9890312 -0.7817136 -0.65947795 0.5044136 0.09981382 -0.49954557 0.8171601 -0.39283705 -0.5567522 -0.6202761 -0.36495996 0.21328974 -0.7796153 -0.24101722
0.64576185 -0.6173034 -0.8088962 0.5279952 -0.8108599 -0.19280171 0.22170687 -0.7417512 -0.41134346 -0.18198037 0.7939168 0.7757982 -0.77519715 0.8996835 -0.011408091 0.28240848 -0.08595204 -0.24827874 -0.38015962 -0.8601389 -0.4036616 -0.47236824 -0.44408464 0.89822984 -0.006937146 0.8422538 0.6874372 0.9702631 0.32063663 0.97630155 0.784994 0.37981272 0.46429694 -0.81994843
0.64576185 0.7887511 -0.8088962 -0.15657139 -0.8108599 0.6261139 0.22170687 0.97798944 -0.41134346 0.6523758 0.5273478 -0.14959848 -0.77519715 -0.7865678 -0.011408091 0.07786691 -0.08595204 -0.11352813 -0.38015962 -0.3005303 -0.4036616 -0.13969457 -0.44408464 0.764827 -0.006937146 0.080936074 0.6874372 -0.68231 0.32063663 -0.44477642 0.784994 -0.39438713 0.46429694 0.098937154
0.36441052 -0.033264875 0.39778328 -0.4302411 0.03553748 0.66037107 -0.31004798 -0.12227309 -0.7994088 -0.26228893 -0.015954971 -0.28888738 0.8538549 -0.4245422 -0.09978938 0.20941758 -0.75241876 0.496387 0.6560124 -0.45548666 -0.691952 0.6939826 0.2930535 0.3038932 -0.33348322 -0.038926482 -0.23253608 -0.39372516 -0.40472662 -0.63166046 0.803728 0.2298646 -0.6712831 -0.37303388
0.36339974 -0.33718693 0.822147 -0.4302411 -0.4524523 -0.5502889 0.61847186 -0.12227309 -0.015329599 -0.7121446 -0.6420084 -0.49639094 -0.874455 0.39338207 0.43812418 0.20941758 -0.876781 -0.08563757 -0.8679769 -0.45548666 -0.9890312 -0.73992586 -0.65947795 0.3038932 -0.22301328 -0.23502278 0.8171601 0.38905907 -0.85474145 0.9805237 0.68693066 0.2298646 -0.7796153 -0.24518514
0.64576185 0.7887511 0.72920525 -0.15657139 -0.8108599 0.6261139 0.58978236 0.97798944 -0.41134346 0.6523758 0.5273478 -0.14959848 -0.77519715 -0.7865678 0.772027 0.07786691 -0.08595204 -0.7397388 0.9413415 -0.3005303 -0.4036616 0.99390197 -0.44408464 -0.46951032 -0.56886363 -0.52689624 0.6874372 -0.69378424 0.32063663 -0.44477642 0.27536106 0.6610359 0.46429694 0.098937154
0.36339974 -0.85976946 0.822147 -0.15657139 -0.74129224 0.6261139 0.61847186 0.97798944 -0.015329599 -0.9818194 -0.6420084 -0.14959848 -0.874455 -0.7865678 0.26335597 -0.4213637 -0.876781 -0.6991966 -0.8679769 -0.3005303 0.11324048 0.99390197 -0.65947795 -0.46951032 -0.22301328 -0.52689624 0.8171601 -0.69378424 0.22303843 -0.44477642 0.37847245 0.6610359 -0.7796153 -0.18052316
-0.6231897 0.7887511 0.72920525 -0.15657139 -0.8108599 0.6261139 -0.33844447 0.97798944 -0.41134346 0.58392584 -0.13032198 -0.14959848 -0.77519715 -0.7865678 -0.783581 0.07786691 0.17675197 -0.3491671 0.996629 -0.3005303 -0.4036616 -0.032618523 -0.44408464 -0.13573778 0.4182713 -0.52689624 0.6874372 -0.69378424 -0.3493842 -0.44477642 0.27536106 0.6610359 0.97823024 0.098937154
0.64576185 -0.52303743 0.72920525 -0.51298165 -0.8108599 0.07017696 0.17998528 -0.12227309 -0.41134346 -0.26228893 -0.03945768 0.40575826 -0.77519715 0.40649474 0.772027 -0.5208602 0.013355255 -0.98175347 0.9413415 0.20109224 -0.4036616 0.019117475 -0.5928608 0.3038932 -0.56886363 0.13854194 0.6874372 0.5317044 -0.9625138 -0.6966866 0.27536106 0.2298646 0.17935264 0.69608164
0.95958805 -0.52303743 0.39778328 -0.4302411 -0.8740723 0.66037107 -0.31004798 -0.12227309 0.17255199 -0.26228893 -0.015954971 0.1281941 -0.9796792 0.31170404 0.3463775 0.20941758 -0.37576306 -0.30402374 -0.93053186 0.077447176 0.4625703 -0.10777581 -0.5366076 -0.5292171 -0.33348322 0.7542838 -0.9107845 0.9906099 0.53795254 -0.21364784 0.58600974 0.2298646 -0.6712831 0.5495777
0.47365475 -0.5763633 0.44936204 -0.6005089 -0.8108599 -0.21282661 -0.5074227 0.56392276 -0.7722926 -0.004022479 -0.22019136 -0.720796 0.8968936 -0.14673269 -0.22906613 0.28240848 0.07956028 0.6904421 0.17573106 0.929096 0.9241127 -0.4720385 -0.52197444 -0.9554999 -0.006937146 0.8422538 0.68861675 0.55529547 0.5590371 -0.19356954 0.08459318 0.9126768 -0.54669094 0.7270117
0.47365475 -0.5763633 0.44936204 -0.6005089 0.9342029 -0.21282661 -0.5074227 0.56392276 -0.7722926 -0.004022479 -0.22019136 -0.6901578 0.8968936 -0.14673269 -0.22906613 0.28240848 -0.68584955 0.6904421 0.17573106 0.929096 0.9241127 -0.4720385 -0.52197444 -0.9554999 0.6076325 0.8422538 -0.82259464 0.55529547 0.5590371 -0.0050028563 0.08459318 0.9126768 -0.54669094 0.7270117
-0.37310123 0.7887511 0.72920525 -0.15657139 -0.32398474 0.6261139 0.17998528 0.97798944 -0.44586337 0.6523758 0.5273478 0.1930207 -0.77519715 -0.6835799 0.9218304 0.07786691 -0.86050475 -0.3491671 0.9413415 -0.2424221 -0.4036616 -0.032618523 -0.44408464 -0.7646556 0.34166622 0.33049762 -0.43344152 0.18343496 0.32063663 -0.44477642 0.27536106 -0.9441668 0.9781089 0.098937154
-0.37310123 0.7887511 0.72920525 -0.15657139 -0.32398474 0.6261139 0.17998528 0.97798944 -0.44586337 0.6523758 0.5273478 0.1930207 -0.77519715 -0.6835799 0.9218304 0.07786691 -0.86050475 -0.3491671 0.9413415 -0.2424221 -0.4036616 -0.032618523 -0.44408464 -0.7646556 0.34166622 0.33049762 -0.43344152 0.18343496 0.32063663 -0.44477642 0.27536106 -0.9441668 0.9781089 0.098937154
0.47365475 -0.5763633 0.44936204 -0.6005089 -0.9301839 0.7172668 0.41936088 0.56392276 0.6063328 -0.004022479 -0.22019136 -0.6901578 0.5965595 -0.14673269 -0.22906613 -0.4826665 -0.68584955 0.6904421 -0.92496085 0.26631367 0.9241127 0.036731362 0.19810319 0.41235602 0.6076325 0.023692012 -0.82259464 0.55529547 0.5590371 -0.0050028563 0.08459318 0.9126768 -0.050055265 0.7270117
0.568764 0.7887511 -0.62214804 -0.15657139 -0.8740723 0.6261139 0.15875709 0.62258375 -0.26364362 0.6523758 -0.015954971 0.1930207 -0.9796792 -0.6835799 0.3463775 0.07786691 0.9755409 -0.3491671 -0.93053186 -0.0142169 0.4625703 0.13441682 -0.21516037 -0.6484976 -0.6440891 0.33049762 0.9183049 0.18343496 -0.15369666 -0.44477642 0.80650854 -0.9441668 -0.9309424 0.098937154
0.95958805 -0.52303743 0.09080696 -0.2997718 -0.8740723 0.66037107 0.5848291 -0.12227309 0.44473732 -0.26228893 -0.015954971 0.1281941 0.06661701 0.31170404 0.3463775 0.09844661 0.38182998 -0.30104232 -0.29557824 0.969267 0.9438416 0.73801494 -0.5366076 -0.5292171 0.27810335 0.36076975 0.010684609 0.22711599 0.53795254 -0.76921594 0.58600974 0.61255586 0.70856845 -0.05466199
-0.6267407 0.7887511 0.09080696 -0.15657139 -0.8740723 0.6261139 0.5848291 0.62258375 0.44473732 0.6523758 -0.015954971 0.1930207 0.06661701 -0.6835799 0.3463775 0.07786691 0.38182998 -0.37351334 -0.29557824 0.059107542 0.9438416 0.13441682 -0.5366076 -0.6484976 0.27810335 0.33049762 0.010684609 -0.32987273 0.53795254 -0.44477642 0.58600974 -0.9441668 0.70856845 0.098937154
0.95958805 -0.68434095 0.09080696 -0.64286876 -0.8740723 -0.349059 0.36597788 0.1536287 0.44473732 -0.8829044 -0.015954971 0.77244604 0.06661701 0.06823802 -0.9794773 -0.94724596 0.38182998 -0.93613935 -0.33708858 0.55636275 0.42031133 -0.7323003 -0.5366076 -0.334257 0.8152344 -0.56529963 0.5381106 -0.49737453 0.53795254 0.7858443 0.30831587 0.94621336 0.4724996 0.59697664
0.68722177 -0.6087384 0.59975755 -0.6712452 -0.9301839 -0.8108953 0.7287948 -0.49540806 0.6063328 -0.8829044 -0.22019136 -0.7708709 0.5965595 0.06823802 -0.13130653 0.428241 -0.68584955 0.68834555 -0.92496085 -0.5128144 0.5686616 -0.7323003 0.19810319 0.68824303 0.6076325 -0.56529963 -0.82259464 -0.49737453 0.68216705 0.7858443 0.9394611 0.94621336 -0.050055265 0.59697664
0.68722177 -0.6087384 0.49353695 -0.6712452 -0.9301839 -0.8108953 0.7287948 -0.49540806 0.6063328 -0.8829044 -0.22019136 -0.7708709 0.5965595 0.06823802 -0.13130653 0.428241 -0.68584955 0.68834555 -0.92496085 -0.5128144 0.5686616 -0.7323003 -0.49662662 0.68824303 0.6076325 -0.56529963 -0.82259464 -0.49737453 0.68216705 0.7858443 0.9394611 0.94621336 -0.4352044 0.59697664
0.68722177 -0.6087384 0.49353695 -0.6712452 -0.9301839 -0.8108953 0.7287948 -0.49540806 0.6063328 -0.8829044 -0.22019136 -0.7708709 0.5965595 0.06823802 -0.13130653 0.428241 -0.68584955 0.68834555 -0.92496085 -0.5128144 0.5686616 -0.7323003 -0.49662662 0.68824303 0.6076325 -0.56529963 -0.82259464 -0.49737453 0.68216705 0.7858443 0.9394611 0.94621336 -0.4352044 0.59697664
0.68722177 -0.6087384 0.49353695 0.5642916 -0.9301839 -0.8108953 0.7287948 -0.49540806 0.6063328 -0.8829044 -0.22019136 -0.7708709 0.5965595 0.06823802 -0.13130653 0.428241 -0.68584955 0.68834555 -0.92496085 -0.5128144 0.5686616 -0.7323003 -0.49662662 0.68824303 0.79552984 -0.7761979 -0.82259464 -0.49737453 0.68216705 -0.7396755 0.9394611 0.94621336 -0.4352044 0.59697664
0.68722177 -0.6087384 0.49353695 0.5642916 -0.9301839 -0.8108953 0.7287948 -0.49540806 0.6063328 -0.8829044 -0.22019136 -0.7708709 0.5965595 0.06823802 -0.13130653 0.428241 -0.68584955 0.68834555 -0.92496085 -0.5128144 0.5686616 -0.7323003 -0.49662662 0.68824303 0.79552984 -0.7761979 -0.82259464 -0.49737453 0.68216705 -0.7396755 0.9394611 0.94621336 -0.4352044 0.59697664
0.68722177 -0.35760772 0.49353695 0.5642916 -0.9301839 -0.8108953 -0.65298986 -0.49540806 0.6063328 -0.32764113 -0.22019136 -0.7374269 0.5965595 0.06823802 -0.13130653 -0.49123514 -0.68584955 0.68834555 -0.92496085 -0.5128144 0.5686616 -0.7323003 -0.49662662 0.68824303 0.79552984 -0.7761979 -0.82259464 -0.49737453 0.68216705 -0.7396755 0.5716044 -0.6220877 -0.4352044 -0.49384534
-0.07920158 -0.35760772 0.8956181 0.52045953 -0.9301839 -0.8108953 0.9638246 -0.49540806 0.6063328 -0.32764113 -0.22019136 -0.6271908 0.5965595 0.06823802 -0.13130653 -0.49123514 -0.3634627 0.68834555 -0.92496085 -0.5128144 0.5686616 -0.7323003 -0.49662662 0.68824303 0.79552984 -0.49275208 -0.82259464 0.1545347 0.68216705 -0.7396755 0.5716044 -0.6220877 -0.4352044 0.8893217
-0.07920158 -0.35760772 0.36292195 0.52045953 -0.9301839 -0.8108953 0.9638246 -0.49540806 0.6063328 -0.32764113 -0.22019136 -0.6271908 0.5965595 -0.38238204 -0.13130653 -0.49123514 -0.3634627 0.68834555 -0.92496085 -0.5128144 0.5686616 -0.7323003 -0.49662662 0.68824303 0.79552984 -0.49275208 -0.82259464 0.1545347 0.68216705 -0.7396755 0.5716044 -0.6220877 -0.4352044 0.8893217
-0.07920158 -0.35760772 0.36292195 0.52045953 -0.9301839 -0.8108953 0.9638246 -0.49540806 0.6063328 -0.32764113 -0.22019136 -0.6271908 0.5965595 -0.38238204 -0.13130653 -0.49123514 -0.3634627 0.68834555 -0.92496085 -0.5128144 0.5686616 -0.7323003 -0.49662662 0.68824303 0.79552984 -0.49275208 -0.82259464 0.1545347 0.68216705 -0.7396755 0.5716044 -0.6220877 -0.4352044 0.8893217
0.47588515 -0.54259753 -0.5431632 -0.64286876 -0.49424684 0.50789285 -0.066459775 -0.34987116 0.011364937 -0.8829044 0.5159712 -0.08975828 0.60358393 0.25694072 0.09849095 0.6271961 0.67490757 -0.93613935 -0.40380073 -0.6641691 0.8289212 0.37032306 0.83461654 0.3038932 0.07719505 -0.06512749 -0.8063896 0.22827923 -0.025025606 -0.7233703 -0.9582803 -0.9385382 0.29484153 -0.034645915
0.47588515 -0.68434095 -0.5431632 -0.64286876 -0.49424684 -0.14356315 -0.066459775 -0.34987116 0.93307173 -0.8829044 0.5159712 -0.82454777 0.60358393 0.25694072 0.09849095 -0.94724596 0.67490757 -0.44037414 -0.40380073 -0.44833696 0.8289212 0.3493725 0.83461654 0.3038932 0.210819 -0.56529963 -0.8063896 0.18379569 -0.025025606 0.9506736 -0.9582803 -0.084094405 0.29484153 0.59697664
-0.07920158 -0.35760772 0.36292195 0.52045953 -0.9301839 -0.8108953 0.9638246 0.64156353 0.6063328 -0.32764113 -0.22019136 -0.6271908 0.5965595 0.11835599 0.49996173 -0.49123514 -0.3634627 0.68834555 -0.92496085 -0.5128144 0.46273208 -0.7323003 -0.49662662 0.68824303 0.79552984 -0.49275208 -0.82259464 0.1545347 0.68216705 -0.7396755 0.69907045 -0.5825739 0.8380437 0.8893217
0.47245598 0.43044484 -0.834744 0.93113136 0.8790703 0.902351 0.41936088 -0.2853428 0.6999948 -0.040408015 -0.6398363 -0.7708709 -0.6776674 0.92476785 -0.11031771 -0.9441086 0.0981462 -0.7996352 0.7176758 0.43839908 -0.75789857 -0.41820335 0.66409326 0.42761576 -0.025428414 -0.5682517 0.5901345 0.35763097 -0.03456247 -0.1770643 0.84303606 0.09474492 -0.050055265 0.57475555
0.47588515 -0.54259753 -0.5431632 -0.24529386 -0.49424684 0.04892683 -0.066459775 -0.52490497 0.011364937 -0.8829044 0.5159712 -0.13092554 0.60358393 0.25694072 0.7987696 -0.8410969 -0.64872015 -0.18008316 0.9694613 -0.6641691 0.8289212 0.7703066 0.9256784 0.3038932 0.07719505 -0.630443 -0.8063896 0.22827923 0.5190755 -0.7233703 -0.9582803 -0.78486216 0.18872845 -0.48261094
0.47588515 0.4116639 -0.4835441 -0.3484938 0.9378629 0.75703645 0.5071486 0.6067127 0.93307173 0.11142266 0.5159712 -0.7708709 0.60358393 0.06823802 0.09849095 0.32047772 0.48980176 0.1764741 -0.68776953 -0.47858536 0.8289212 -0.48958564 0.6392883 -0.025587559 0.210819 -0.97531974 -0.8063896 0.199319 0.7787994 0.55762136 0.84976196 0.22300398 0.7057843 -0.64120543
0.47245598 0.43044484 0.86576295 -0.32271552 0.8790703 0.902351 0.41936088 -0.2853428 0.5576837 -0.040408015 -0.6398363 -0.7708709 -0.017348886 0.92476785 -0.11031771 -0.2115215 0.0981462 -0.7996352 0.7176758 0.7059784 -0.49211204 -0.41820335 0.66409326 0.42761576 -0.17770171 -0.5682517 -0.3349508 0.35763097 -0.03456247 0.2723248 0.84303606 -0.16808093 0.9931674 -0.793123
0.47588515 0.67787766 -0.4835441 -0.3484938 0.16065419 -0.6795248 0.81020534 0.6067127 0.76882946 0.11142266 0.5159712 -0.5575268 0.60358393 0.06823802 0.09849095 -0.24671948 0.47625995 0.1764741 0.25943923 -0.47858536 0.8289212 -0.48958564 0.6392883 -0.025587559 0.59024763 -0.97531974 -0.32382762 -0.21351838 0.7787994 0.55762136 0.84976196 0.22300398 0.7057843 -0.64120543
0.47245598 0.3211639 -0.8045101 -0.3484938 0.8790703 0.75703645 0.41936088 0.4356041 -0.31284165 0.11142266 -0.63296413 -0.42825365 -0.017348886 0.06823802 0.30080545 -0.46126294 -0.04927814 -0.55602264 -0.47569358 0.037102938 -0.6646123 -0.48958564 0.051504374 -0.025587559 -0.7427428 -0.24046993 -0.3349508 0.6507256 0.64339983 0.11906016 -0.61640406 -0.38525128 -0.050055265 0.72477174
-0.40758443 -0.0062692165 0.6587889 -0.25476646 0.6836741 -0.50818515 0.41936088 -0.19950569 0.5576837 -0.18654859 -0.6398363 0.6609074 -0.089836955 0.92476785 0.13603055 0.43034148 0.0981462 -0.7996352 0.045159817 0.7059784 -0.49211204 -0.41820335 0.66409326 -0.2767619 -0.17770171 0.44386482 0.37498844 0.35763097 -0.03456247 -0.059323907 0.84303606 0.6617781 0.9931674 -0.793123
0.47588515 -0.68434095 -0.4835441 -0.64286876 0.9378629 0.5505502 -0.066459775 -0.73648465 0.8420273 -0.8829044 0.5159712 0.4232148 0.60358393 -0.072487116 0.09849095 0.04624176 -0.30800283 -0.0026291609 -0.68776953 -0.44833696 0.08278346 -0.1869843 0.4842912 0.9374745 0.14745629 -0.06927514 -0.9607558 0.9523263 -0.854128 0.9506736 -0.42367172 0.47328877 0.29484153 0.8391566
0.47588515 -0.68434095 -0.4835441 -0.64286876 0.9378629 0.38338566 -0.066459775 -0.73648465 0.8420273 -0.8829044 0.5159712 0.4232148 0.60358393 -0.072487116 0.09849095 0.04624176 -0.30800283 -0.0026291609 -0.68776953 -0.44833696 0.08278346 -0.1869843 0.4842912 0.37956655 0.14745629 -0.06927514 -0.9607558 0.428141 -0.854128 0.9506736 -0.42367172 0.47328877 0.29484153 0.8391566
0.47588515 -0.68434095 -0.23672819 0.22833264 0.9378629 0.032195807 0.7043632 -0.73648465 0.8420273 -0.8829044 0.5159712 0.4232148 0.99461377 -0.072487116 0.09849095 0.7342073 0.7607713 -0.0026291609 -0.68776953 -0.44833696 0.08278346 -0.1869843 0.4842912 0.37956655 0.14745629 -0.06927514 -0.9607558 0.428141 -0.854128 0.9506736 -0.42367172 0.47328877 0.29484153 -0.13003266
-0.87778306 0.7427833 -0.23672819 0.22833264 0.9378629 0.032195807 0.7043632 -0.73648465 0.8420273 -0.8829044 0.9729707 0.19827676 0.99461377 -0.072487116 0.09849095 0.7342073 0.7607713 -0.0026291609 -0.68776953 -0.44833696 0.08278346 -0.1869843 0.4842912 0.37956655 0.14745629 -0.06927514 0.9727105 0.428141 -0.854128 0.9506736 -0.42367172 0.47328877 -0.14350009 -0.13003266
-0.40758443 -0.0062692165 0.6587889 -0.25476646 0.6836741 -0.50818515 -0.4704361 -0.8558109 0.086690426 0.9166781 -0.6398363 0.6609074 0.46017134 -0.86415875 0.8848281 0.7851113 0.16109157 -0.43290436 -0.69893694 -0.41366076 -0.3771602 -0.53411615 -0.49152696 0.5152446 -0.39775312 0.44386482 -0.5266229 -0.6520252 0.18280745 -0.4077797 -0.9986787 -0.6022595 0.90965366 -0.24727893
0.47588515 0.7427833 -0.8237922 0.22833264 0.15037978 0.032195807 -0.6240293 -0.73648465 0.8420273 -0.8829044 -0.052704692 0.19827676 0.99461377 -0.072487116 0.09849095 0.94238865 0.7607713 -0.0026291609 -0.68776953 -0.44833696 0.08278346 -0.1869843 0.3911258 0.37956655 0.14745629 -0.06927514 -0.9607558 0.428141 0.99664474 -0.2625978 -0.42367172 -0.026275158 0.29484153 -0.13003266
-0.4169531 0.42333233 -0.28807342 -0.9260148 0.44972908 0.7506267 0.76212525 0.95181143 0.3470893 0.11142266 0.6314106 -0.6920297 0.08786857 -0.92676556 0.05370748 -0.980716 -0.27045143 -0.58115625 -0.47569358 -0.50915015 -0.6646123 0.25982058 0.9770309 0.95730233 -0.929147 0.753669 0.1905446 0.274374 0.22067821 0.47000682 -0.016922593 -0.38525128 0.18437171 0.5571201
0.651366 0.7427833 -0.17109096 -0.54143083 0.9378629 0.2647847 0.7043632 -0.73648465 0.8420273 -0.6906549 0.8565767 -0.86306846 -0.2992698 -0.21660674 0.09849095 0.41516948 0.7607713 -0.83800745 0.45711672 -0.52018094 0.6105995 0.62445235 0.4842912 0.37956655 -0.036772966 -0.05267787 0.9727105 -0.1827172 -0.7959182 -0.9566654 0.6361413 0.8066194 -0.86223686 -0.13003266
0.651366 -0.14395595 -0.17109096 -0.9260148 0.9378629 0.7506267 0.89012635 0.95181143 0.8420273 0.22355402 0.4724735 -0.6920297 -0.2992698 -0.46251428 0.09849095 -0.980716 0.7607713 -0.58115625 0.45711672 -0.50915015 0.6105995 0.25982058 0.045080185 0.95730233 -0.036772966 0.753669 0.9727105 -0.42606568 -0.7959182 -0.6407229 0.6361413 0.60064113 -0.8306682 0.5571201
-0.3857838 -0.9199102 0.37936282 0.9803282 0.8790703 -0.50818515 0.30027425 -0.8558109 0.8615949 -0.20222616 0.28983796 0.65313387 0.9211948 -0.86415875 -0.6180608 0.52068913 -0.5721346 -0.14076817 -0.023466825 -0.14540064 0.29335058 0.2666949 -0.8843088 0.074122906 0.8795872 0.36859822 -0.082143426 -0.6520252 -0.03456247 0.15720034 0.05017841 0.60716724 0.727563 -0.24727893
-0.40758443 -0.4428872 0.6587889 -0.25476646 0.7311479 -0.75338733 -0.4704361 -0.26312995 0.34071457 0.9166781 -0.6398363 0.08764768 0.44178343 -0.71416926 0.8848281 -0.46203256 -0.03328538 -0.46930802 -0.69893694 0.3775835 -0.9359338 0.2666949 -0.49152696 0.074122906 -0.23280394 -0.11886561 -0.8789065 0.9903606 0.7648326 0.6731354 -0.17043304 0.5164573 0.76557195 0.68851566
-0.40758443 -0.4428872 0.7425021 -0.25476646 0.7311479 -0.5055859 -0.4704361 -0.10133672 0.34071457 0.9166781 -0.6398363 -0.0017876625 -0.6098378 0.23067057 0.8848281 -0.46203256 -0.03328538 -0.46930802 -0.69893694 0.8823638 0.38214803 0.2666949 -0.49152696 0.074122906 -0.23280394 -0.60604024 -0.8789065 0.9903606 -0.45628774 -0.35594106 -0.17043304 0.5164573 0.76557195 0.68851566
-0.40758443 -0.4428872 0.7425021 -0.25476646 0.7311479 -0.5055859 -0.4704361 -0.10133672 0.34071457 0.9166781 -0.6398363 -0.0017876625 -0.6098378 0.23067057 0.8848281 -0.46203256 -0.03328538 -0.46930802 -0.69893694 0.8823638 0.38214803 0.2666949 -0.49152696 0.074122906 -0.23280394 -0.60604024 -0.8789065 -0.8863076 -0.45628774 -0.35594106 -0.17043304 0.5164573 0.4505384 -0.54058325
-0.40758443 0.10230446 0.6587889 -0.9260148 0.7311479 0.7506267 -0.4704361 0.050358415 0.6647996 0.11142266 -0.38161254 -0.6991501 0.44178343 -0.46251428 0.8848281 -0.980716 -0.03328538 -0.89481425 -0.101350665 0.9814886 -0.9359338 -0.19628143 -0.49152696 0.95730233 -0.23280394 0.07909739 0.93394303 -0.4689746 0.82374 0.47000682 -0.17043304 -0.38525128 0.76557195 -0.35737455
0.95291793 0.10230446 -0.8860307 -0.9260148 0.24594986 0.1625545 0.3940326 0.43746853 -0.8983779 0.2070136 0.8305361 -0.6920297 0.18720067 -0.46251428 0.05370748 -0.980716 0.16266787 -0.89481425 -0.513541 0.30181706 -0.6646123 0.4376397 0.6276133 0.95730233 0.30866516 -0.33907878 0.9904392 0.62251663 0.18432283 0.47000682 -0.016922593 -0.38525128 0.64067364 0.5571201
-0.9401283 -0.44253886 0.6587889 0.39796758 -0.7510588 -0.5692985 0.008297801 0.024494886 0.9237976 0.9166781 -0.927709 0.65313387 0.46017134 -0.45279956 0.8848281 -0.46203256 0.014690995 -0.46930802 0.20173538 -0.95088446 -0.15730524 0.2666949 0.7059604 0.074122906 0.93594944 0.41451275 -0.5266229 0.9903606 -0.5775211 0.8676611 -0.5804404 -0.6022595 -0.27330673 -0.82993853
0.95291793 0.12723339 -0.8860307 -0.9260148 0.24594986 0.1625545 -0.5412972 0.41272604 -0.8983779 -0.3158983 0.8305361 -0.6920297 0.18720067 -0.46251428 0.05370748 -0.980716 0.16266787 -0.89481425 -0.513541 0.30181706 -0.6646123 0.4376397 0.58695304 0.95730233 0.30866516 -0.75119555 0.9904392 -0.41097474 0.26202536 0.47000682 -0.016922593 -0.38525128 0.64067364 0.5571201
-0.2330575 0.026429653 -0.8860307 -0.9260148 0.7410197 0.1625545 0.3940326 0.43746853 -0.8983779 0.2070136 0.8305361 0.34159315 -0.073475 -0.46251428 0.05370748 -0.2762257 0.5252371 0.060286403 0.39559627 -0.5162386 0.33719838 0.4376397 0.6276133 0.95730233 0.30866516 -0.33907878 0.9904392 0.62251663 -0.008130074 0.47000682 -0.016922593 -0.38525128 0.64067364 0.65360653
0.95291793 0.12723339 -0.3772663 -0.9260148 0.24594986 0.1625545 -0.70747304 0.41272604 -0.8983779 -0.3158983 0.43928444 0.23947215 -0.31873536 -0.46251428 0.05370748 -0.980716 0.16266787 -0.89481425 -0.49258506 0.37876344 -0.6646123 0.4376397 -0.7839161 0.95730233 0.30866516 -0.8942658 0.9904392 -0.41097474 -0.8321885 0.47000682 -0.84697175 0.055185318 0.64067364 0.5571201
-0.2330575 0.026429653 0.41252065 -0.9260148 0.7410197 0.1625545 0.3940326 -0.7877166 -0.8983779 0.8791367 0.95257306 0.34159315 -0.073475 -0.46251428 0.05370748 -0.21393633 0.5252371 0.060286403 0.39559627 -0.5162386 -0.93976176 0.4376397 0.6276133 0.95730233 0.30866516 0.2955413 0.9904392 0.62251663 -0.21593106 0.47000682 -0.016922593 0.005276799 0.64067364 0.65360653
0.95291793 0.75989795 -0.3772663 0.84959996 0.4486866 0.1625545 -0.70747304 0.41272604 0.8038703 -0.3158983 0.43928444 0.23947215 -0.31873536 -0.46251428 0.05370748 -0.4364699 0.04621339 -0.89481425 -0.49258506 0.12152672 -0.6646123 0.4376397 -0.7839161 0.4471935 0.30866516 -0.8942658 0.095898986 -0.41097474 -0.8321885 0.47000682 -0.84697175 0.055185318 0.64067364 0.5571201
-0.29430115 -0.44253886 0.6290014 -0.47664952 0.2549076 -0.5838567 -0.7153188 -0.53922045 -0.9302933 0.4813403 -0.927709 0.45867336 0.06830144 -0.8571831 0.8848281 -0.46203256 0.014690995 -0.5408752 0.5752312 -0.6322104 0.44323838 0.2666949 0.7059604 -0.78598213 -0.8474153 -0.64598775 -0.5266229 0.8481854 0.5204308 0.8676611 0.914376 -0.6022595 -0.2065432 0.80786026
-0.496235 -0.1594981 0.6587889 0.25675106 -0.7510588 0.1625545 0.008297801 0.92258894 -0.9302933 -0.93139446 -0.927709 -0.65056145 0.06830144 0.85492 0.8848281 -0.032108188 0.014690995 -0.89481425 -0.2001388 0.30181706 0.44323838 -0.94810116 0.7059604 0.066613555 0.93594944 -0.33907878 -0.5266229 -0.25524616 -0.46405315 -0.18768561 -0.5804404 -0.38525128 -0.35823774 0.5571201
-0.2330575 -0.72655106 0.78172207 0.10749674 0.38631976 0.25442493 0.3940326 0.94490075 -0.8983779 -0.8047613 0.95257306 -0.740373 -0.073475 -0.46251428 0.05370748 -0.21393633 0.5252371 0.060286403 0.5979761 -0.7502264 -0.93976176 0.13240314 0.6276133 0.95730233 0.6950743 -0.12047076 0.9904392 0.62251663 -0.21593106 0.47000682 -0.81871915 0.005276799 0.64067364 -0.36542594
-0.7863573 0.75989795 -0.3772663 0.84959996 -0.23301482 0.1625545 -0.70747304 0.41272604 -0.76778936 -0.3158983 -0.4047879 0.23947215 -0.31873536 -0.46251428 0.05370748 -0.4364699 0.04621339 -0.89481425 -0.49258506 0.12152672 0.89772975 0.4376397 -0.65687907 0.4471935 0.30866516 -0.8942658 0.095898986 -0.41097474 -0.8321885 0.47000682 -0.84697175 0.055185318 -0.7588581 0.5571201
-0.7863573 0.75989795 -0.3772663 0.84959996 -0.23301482 0.1625545 -0.70747304 0.41272604 -0.76778936 -0.3158983 -0.4047879 0.23947215 -0.31873536 -0.46251428 -0.05705595 -0.4364699 0.04621339 -0.89481425 -0.49258506 0.12152672 0.89772975 0.4376397 -0.65687907 0.4471935 -0.06400859 -0.8942658 0.095898986 -0.41097474 -0.6467552 0.47000682 -0.84697175 0.055185318 -0.89234865 0.5571201
-0.496235 -0.1594981 0.6587889 0.25675106 0.9674064 0.1625545 0.95247316 0.92258894 -0.9302933 -0.21833551 -0.927709 -0.65056145 0.95911455 0.053050518 0.8848281 -0.032108188 -0.060601354 -0.491459 -0.55228543 0.27585828 0.75916624 -0.94810116 0.7059604 0.105950594 0.93594944 0.5647205 -0.5266229 -0.25524616 -0.6354252 -0.10562456 0.27081716 -0.38525128 -0.97653055 -0.0045022964
0.95066583 -0.04605353 -0.95056343 0.25675106 0.9731823 0.2877065 0.923416 0.92258894 -0.6948012 -0.21833551 0.9634901 -0.65056145 -0.6455749 0.94606614 -0.9133738 -0.032108188 -0.31865585 0.438349 -0.36259544 -0.1398859 0.17551291 -0.3600558 -0.9417646 0.105950594 -0.044214845 -0.33907878 -0.5393927 0.49313974 0.020896316 -0.10562456 0.04442334 -0.38525128 -0.51082444 0.5571201
-0.8282621 0.3211639 0.6587889 -0.054569602 0.9674064 -0.28278327 0.95247316 -0.5641576 -0.9302933 0.29819417 -0.927709 -0.42368495 0.95911455 0.06823802 0.8848281 -0.60869646 -0.060601354 -0.8528874 -0.21783721 -0.85996807 0.75916624 0.22985494 0.402848 -0.22639143 0.93594944 0.8269186 -0.5266229 0.5844232 0.6352999 0.48864162 0.27081716 0.02394116 -0.97653055 -0.50947773
-0.8282621 0.3211639 0.6587889 -0.054569602 0.9674064 -0.28278327 0.95247316 -0.5641576 -0.9302933 0.29819417 -0.927709 -0.42368495 0.95911455 0.06823802 0.8848281 -0.60869646 -0.060601354 -0.8528874 -0.21783721 -0.85996807 0.75916624 0.22985494 0.402848 -0.22639143 0.93594944 0.8269186 -0.5266229 0.5844232 0.6352999 0.48864162 0.27081716 0.02394116 -0.97653055 -0.50947773
-0.15346098 0.57938457 0.2664106 -0.21180713 -0.41201663 -0.2647922 0.923416 -0.24440193 -0.6948012 0.06841302 0.9634901 -0.58210135 -0.69825995 0.19846988 0.46140456 0.18957388 0.055167556 0.2853521 -0.12180078 0.67875254 -0.55195236 -0.67068934 0.65734375 0.15012956 -0.39081788 -0.700979 -0.5393927 0.61523986 0.020896316 0.18987322 0.04442334 0.56925213 -0.51082444 0.5571201
-0.8282621 -0.08083141 0.6587889 -0.054569602 0.9674064 -0.5175811 0.95247316 -0.5641576 0.5510111 0.29819417 -0.927709 -0.42368495 0.95911455 0.06823802 0.8848281 -0.60869646 -0.060601354 -0.8528874 -0.21783721 -0.85996807 0.75916624 0.22985494 0.402848 -0.084943056 0.93594944 -0.8610865 -0.5266229 0.5844232 0.6352999 0.48864162 0.27081716 0.02394116 -0.97653055 -0.14515746
-0.8282621 -0.08083141 0.6587889 -0.054569602 0.9674064 -0.5175811 0.95247316 -0.5641576 0.5510111 0.29819417 -0.927709 -0.42368495 0.95911455 0.06823802 0.8848281 -0.60869646 -0.060601354 -0.8528874 -0.21783721 -0.85996807 0.75916624 0.22985494 0.402848 -0.084943056 0.93594944 -0.8610865 -0.5266229 0.5844232 0.6352999 0.48864162 0.27081716 0.02394116 -0.97653055 -0.14515746
-0.8282621 -0.08083141 0.6587889 -0.054569602 0.9674064 -0.5175811 0.95247316 -0.5641576 0.5510111 0.29819417 -0.927709 -0.42368495 0.95911455 0.06823802 0.8848281 -0.60869646 -0.060601354 -0.8528874 -0.21783721 -0.85996807 0.75916624 0.22985494 0.402848 -0.084943056 0.93594944 -0.8610865 -0.5266229 0.5844232 0.6352999 0.48864162 0.27081716 0.02394116 -0.97653055 -0.14515746
-0.8282621 -0.08083141 0.6587889 -0.054569602 0.9674064 -0.5175811 0.55963147 0.707613 0.5737846 0.29819417 -0.927709 -0.42368495 0.95911455 0.06823802 0.8848281 -0.60869646 -0.060601354 -0.8528874 -0.21783721 -0.85996807 0.75916624 0.22985494 0.402848 -0.084943056 0.93594944 -0.8610865 -0.5266229 0.5844232 0.6352999 0.48864162 0.27081716 0.02394116 -0.97653055 -0.14515746
-0.8282621 -0.08083141 0.6587889 -0.054569602 0.9674064 -0.5175811 0.55963147 0.707613 0.5737846 0.29819417 -0.927709 -0.42368495 0.95911455 0.10045481 0.8848281 -0.60869646 -0.060601354 -0.8528874 -0.21783721 -0.85996807 0.75916624 0.22985494 0.402848 -0.5480381 0.93594944 -0.8610865 -0.5266229 0.5844232 0.6352999 0.48864162 0.27081716 0.02394116 -0.97653055 -0.14515746
0.6188606 -0.08083141 0.6192615 -0.054569602 0.9674064 -0.5175811 -0.73629606 0.707613 0.5737846 -0.22633827 -0.1117599 -0.42368495 0.95911455 0.10045481 0.8848281 -0.60869646 -0.060601354 -0.8528874 -0.5730374 -0.85996807 0.05923283 0.97066224 0.402848 -0.5480381 0.93594944 -0.34327865 -0.5266229 0.5844232 0.6352999 0.48864162 0.27081716 0.02394116 -0.97653055 -0.14515746
-0.8282621 -0.5682318 0.6587889 0.47612357 0.9674064 0.35364687 0.55963147 0.93185246 0.9523388 0.6008791 -0.82547283 0.9356971 0.95911455 -0.7731341 0.39072955 0.9430342 -0.8925078 0.2853521 -0.21783721 0.48024738 0.75916624 -0.48507798 0.402848 -0.7954395 -0.864941 -0.7096627 0.8925053 -0.17613244 0.6352999 -0.50327027 0.27081716 0.46724117 -0.97653055 0.9266741
-0.8282621 -0.5682318 0.6587889 0.47612357 0.9674064 0.35364687 0.55963147 0.7494801 0.9523388 0.7723398 -0.82547283 0.9356971 0.95911455 -0.7731341 0.39072955 0.9430342 -0.8925078 0.2853521 -0.21783721 0.48024738 0.75916624 -0.48507798 0.402848 -0.7954395 -0.864941 -0.7096627 0.8925053 -0.17613244 0.3201115 -0.50327027 0.27081716 0.46724117 -0.97653055 0.9266741
-0.8282621 -0.5682318 0.6587889 0.47612357 0.08373439 0.35364687 0.55963147 0.7494801 0.9523388 0.7723398 -0.82547283 0.18628168 0.8580612 -0.7731341 0.39072955 0.9430342 -0.8925078 0.2853521 -0.21783721 0.48024738 0.75916624 -0.30363715 0.402848 -0.36794448 -0.864941 -0.7096627 0.8925053 -0.17613244 0.3201115 -0.50327027 0.28122127 0.46724117 -0.97653055 0.9266741
-0.44543648 -0.08083141 -0.5560863 -0.054569602 0.8091464 0.53246176 -0.4394927 0.707613 0.5737846 -0.22633827 -0.927709 -0.5873755 0.95911455 -0.9711709 0.8848281 -0.38483822 -0.060601354 0.024898529 -0.5869874 0.4725994 0.05923283 0.97066224 -0.8227074 -0.5480381 -0.7212324 -0.34327865 -0.5266229 -0.030735016 0.6352999 0.48864162 -0.1746651 0.02394116 -0.97653055 0.46552336
-0.8282621 -0.5682318 0.6587889 0.47612357 0.08373439 0.35364687 0.55963147 0.7494801 0.9523388 0.7723398 -0.82547283 0.18628168 0.8580612 -0.7731341 0.39072955 0.9430342 -0.8925078 0.2853521 -0.21783721 0.48024738 0.75916624 -0.30363715 0.402848 -0.36794448 -0.864941 -0.7096627 0.8925053 -0.17613244 0.3201115 -0.50327027 0.28122127 0.46724117 -0.97653055 0.9266741
-0.8282621 -0.5682318 0.6587889 0.47612357 0.08373439 0.35364687 0.55963147 -0.53245103 0.9523388 0.7723398 -0.82547283 0.18628168 0.8580612 -0.7731341 0.39072955 0.9430342 -0.8925078 0.2853521 -0.21783721 -0.83097804 0.75916624 -0.30363715 0.402848 -0.36794448 -0.864941 -0.7096627 0.8925053 -0.17613244 0.3201115 -0.50327027 0.28122127 0.46724117 -0.97653055 0.9266741
-0.8282621 -0.5682318 -0.9921099 0.47612357 0.08373439 0.35364687 0.55963147 -0.53245103 0.9523388 0.7723398 -0.82547283 0.18628168 0.8580612 -0.7731341 0.39072955 0.9430342 -0.8925078 0.2853521 -0.21783721 -0.83097804 0.75916624 -0.30363715 0.402848 -0.36794448 -0.864941 -0.7096627 -0.30148184 -0.17613244 0.3201115 -0.50327027 0.28122127 0.46724117 -0.97653055 0.9266741
-0.023779988 0.12541258 -0.5560863 0.6369879 0.87425244 -0.8843322 0.093970776 0.68478715 0.5737846 -0.8702204 0.384292 -0.11437714 0.95911455 -0.29880536 0.8848281 0.84306836 -0.07796693 0.011514187 0.31717908 -0.815863 -0.6259296 -0.3222381 -0.8227074 -0.9744328 -0.7212324 -0.29134595 -0.5266229 -0.41097474 0.6352999 0.2767917 -0.1746651 0.58724046 -0.511533 -0.5583817
-0.023779988 0.12541258 -0.5560863 0.6369879 0.87425244 -0.8843322 0.093970776 0.68478715 0.5737846 -0.8702204 0.384292 -0.11437714 0.95911455 -0.29880536 0.8848281 0.84306836 -0.07796693 0.011514187 0.31717908 -0.815863 -0.6259296 -0.3222381 -0.8227074 -0.9744328 -0.7212324 -0.29134595 -0.5266229 -0.41097474 0.6352999 0.2767917 -0.1746651 0.58724046 -0.511533 -0.5583817
0.77394164 -0.003762722 -0.43020213 0.6369879 -0.8923764 0.9561355 -0.4272691 0.68478715 0.19489777 -0.2276777 0.5936384 0.36590195 -0.6434654 0.6583965 -0.05705595 0.612978 0.28568006 0.017001271 0.77674377 -0.3290143 -0.08535659 0.5808605 0.5467181 -0.9744328 -0.8264673 -0.29134595 0.095898986 -0.41097474 0.5246856 0.58892787 -0.68374634 0.58724046 -0.78893614 -0.039062977
0.77394164 -0.08083141 -0.10606527 0.6620321 0.28618932 -0.7439898 -0.19786847 0.28893805 0.19489777 -0.22633827 -0.5457642 -0.5873755 0.040180683 -0.9711709 0.7682203 -0.12023485 0.6480508 0.41144598 0.6553873 0.5746802 -0.09104502 0.97066224 0.5467181 -0.5480381 0.63422346 0.3887273 0.095898986 0.54449 -0.8859798 0.9389372 -0.68374634 0.7706586 0.047434926 0.46552336
-0.023779988 -0.08083141 -0.5560863 0.6620321 0.32900715 -0.7439898 0.28352177 0.40770376 0.5737846 -0.22633827 0.4730587 -0.5873755 0.95911455 0.7149792 0.8848281 0.32693934 -0.07796693 0.41144598 0.31717908 0.5746802 -0.6259296 0.97066224 -0.8227074 -0.5480381 0.38723326 -0.34327865 -0.67651725 -0.030735016 0.6352999 0.87631714 0.103488326 0.7706586 0.7483672 0.46552336
0.99706924 0.3211639 -0.4985026 0.7199898 -0.039248347 0.4985366 -0.6592543 -0.2804638 0.40997994 0.05670178 0.775154 0.36299694 -0.16021729 -0.97372997 -0.3080026 -0.69830656 -0.6517985 0.7526578 -0.9262028 0.68138456 0.9360621 0.6885506 0.08778906 0.22883213 0.4709928 0.8269186 0.415861 -0.47559083 -0.7581018 -0.5120753 -0.19662344 -0.83637214 -0.9521271 0.59448624
0.77394164 -0.08083141 -0.10606527 0.6620321 0.28618932 0.41295457 -0.19786847 0.28893805 -0.74416757 -0.22633827 -0.05399537 -0.19587743 0.040180683 -0.9711709 0.7682203 0.91742086 0.32152307 0.41144598 0.6553873 0.5746802 -0.09104502 0.8754569 -0.948619 -0.5480381 0.63422346 0.3887273 0.3361405 0.54449 -0.5345266 0.100807786 0.8148401 -0.041989803 0.047434926 0.46552336
-0.023779988 -0.08083141 -0.5560863 0.6620321 0.64725196 -0.7439898 0.28352177 0.40770376 0.5737846 -0.22633827 -0.6250876 -0.5873755 0.501976 0.38191497 0.8848281 0.32693934 -0.07796693 -0.9586067 0.31717908 0.5746802 -0.6259296 0.24374354 -0.67182577 -0.5480381 0.38723326 -0.34327865 -0.67651725 -0.030735016 0.6352999 0.87631714 0.103488326 0.7706586 0.7483672 -0.45792806
-0.023779988 -0.08083141 -0.6510625 0.6620321 0.64725196 -0.7439898 0.3163309 0.97843385 -0.3780831 0.45454133 -0.6250876 -0.5873755 0.501976 0.38191497 -0.37307608 -0.49149823 -0.07796693 -0.9586067 0.18093455 0.5746802 -0.6259296 0.24374354 -0.67182577 -0.7562585 0.38723326 -0.34327865 -0.67651725 -0.052195787 0.6352999 0.87631714 -0.45069897 0.7706586 0.7483672 -0.45792806
-0.023779988 -0.08083141 -0.6510625 0.6620321 0.64725196 -0.2517196 0.3163309 0.97843385 -0.112888694 0.45454133 -0.6250876 -0.5873755 -0.61468184 0.5808153 -0.37307608 -0.49149823 -0.07796693 -0.9586067 0.18093455 0.5746802 -0.6259296 0.75559044 -0.67182577 0.24592555 0.38723326 -0.646312 -0.67651725 -0.052195787 0.6352999 0.87631714 -0.45069897 0.7706586 0.179595 -0.45792806
0.77394164 -0.08083141 0.87131 -0.2687863 0.28618932 0.41295457 -0.19786847 0.17360711 -0.74416757 -0.22633827 0.91233706 -0.19587743 0.98424435 -0.9711709 0.7682203 0.91742086 0.32152307 0.41144598 0.020521998 0.5746802 -0.09104502 0.8754569 -0.948619 -0.5480381 0.63422346 0.3887273 -0.70156074 -0.60845304 -0.5345266 0.100807786 0.8148401 -0.041989803 0.876109 0.46552336
-0.023779988 0.0062595606 -0.6510625 0.6620321 0.64725196 -0.7439898 0.3163309 0.97843385 0.35142875 0.45454133 -0.22962463 -0.5873755 0.501976 0.5808153 0.1265837 -0.49149823 0.07168174 0.38118434 0.35030937 0.4893949 -0.6259296 0.5198828 -0.67182577 -0.7562585 0.38723326 -0.34327865 -0.67651725 -0.052195787 0.6352999 0.87631714 -0.86427844 0.7706586 0.37705135 -0.45792806
-0.023779988 0.0062595606 -0.6510625 0.6620321 0.71934164 -0.7439898 0.3163309 0.97843385 0.35142875 0.45454133 -0.22962463 -0.5873755 0.501976 0.5808153 0.1265837 -0.49149823 0.07168174 0.38118434 0.35030937 0.5751059 -0.6259296 0.022890687 -0.67182577 -0.7562585 0.38723326 -0.34327865 -0.67651725 -0.8641194 0.6352999 -0.562812 -0.86427844 0.7706586 0.37705135 -0.45792806
-0.44474292 0.0062595606 -0.6510625 0.6620321 -0.76067924 -0.7439898 0.550022 0.09885323 0.38467455 0.45454133 -0.22962463 -0.5873755 0.501976 0.5808153 0.1265837 -0.49149823 0.07168174 0.38118434 -0.026846409 0.5751059 -0.6259296 -0.769632 -0.67182577 -0.7562585 0.38723326 -0.34327865 -0.67651725 -0.8641194 0.6352999 -0.562812 -0.86427844 0.7706586 0.37705135 -0.45792806
-0.8858553 0.3211639 -0.6510625 0.7199898 0.64725196 -0.7455071 -0.82759356 -0.2804638 -0.112888694 0.05670178 0.5271343 0.36299694 -0.61468184 -0.97372997 -0.4492613 -0.69830656 0.12669492 0.7526578 0.18093455 0.68138456 -0.91903436 0.6885506 -0.67182577 -0.9026588 0.38723326 0.8269186 -0.68557477 -0.47559083 0.35712826 -0.77625906 -0.45069897 0.7572739 0.3413942 0.59448624
-0.8858553 0.9034765 0.42520738 0.19545758 0.64725196 0.8828771 -0.82759356 0.9839356 -0.112888694 -0.3828987 0.5271343 0.5178473 -0.61468184 -0.10268617 -0.26261187 0.612978 0.12669492 0.017001271 0.18093455 -0.3290143 -0.6259296 0.7261839 -0.67182577 0.8120792 0.38723326 -0.34411776 -0.68557477 0.8151077 0.35712826 -0.93685603 -0.45069897 0.13033986 0.3413942 0.8611202
-0.4592365 -0.5158055 0.7500471 -0.009119749 0.5457938 0.70633626 0.3163309 0.97843385 -0.112888694 0.45454133 0.51594365 0.07770169 0.83709276 0.5808153 0.6137879 -0.47026753 -0.96269464 -0.9586067 0.18093455 0.5746802 -0.6259296 0.75559044 0.3751682 0.24592555 0.38723326 -0.646312 -0.6285281 0.16844356 0.35712826 0.87631714 -0.45069897 0.7706586 0.179595 -0.45792806
0.6275457 -0.12171233 -0.6510625 -0.8782722 0.64725196 -0.84008574 -0.82759356 0.5709566 -0.112888694 0.50846994 0.5271343 -0.3246348 -0.7924849 0.7218975 0.15484309 0.40063572 0.9475683 0.8620603 0.18093455 -0.9390875 -0.95126927 -0.7856859 0.12305033 -0.38418078 0.38723326 -0.7277205 -0.04084015 0.62649226 0.6593491 -0.96896136 -0.45069897 0.03156519 -0.26062632 0.7302129
0.6275457 -0.12171233 -0.6510625 -0.8782722 0.64725196 -0.84008574 -0.82759356 0.5709566 -0.112888694 0.50846994 0.5271343 -0.3246348 -0.7924849 0.7218975 0.15484309 0.40063572 0.9475683 0.8620603 0.18093455 -0.9390875 -0.95126927 -0.7856859 0.12305033 -0.38418078 0.38723326 -0.7277205 -0.04084015 0.62649226 0.6593491 -0.96896136 -0.45069897 0.03156519 -0.26062632 0.7302129
0.6275457 -0.12171233 -0.6510625 -0.8782722 0.64725196 -0.84008574 -0.82759356 0.5709566 -0.112888694 0.50846994 0.5271343 -0.3246348 -0.7924849 0.7218975 0.15484309 0.40063572 0.9475683 0.8620603 0.18093455 -0.9390875 -0.95126927 -0.7856859 0.12305033 -0.38418078 0.38723326 -0.7277205 -0.04084015 0.62649226 0.6593491 -0.96896136 -0.45069897 0.03156519 -0.26062632 0.7302129
-0.56253767 -0.5158055 0.7500471 -0.009119749 0.5457938 0.38303363 0.3163309 0.97843385 -0.112888694 0.45454133 0.51594365 0.07770169 0.83709276 0.5808153 -0.0060772896 -0.47026753 -0.96269464 -0.9586067 0.56160235 0.60059845 -0.6259296 0.75559044 0.027212262 -0.6820295 0.43637192 -0.646312 -0.6285281 0.3059652 0.35712826 0.87631714 -0.45069897 0.7706586 0.179595 -0.64218676
0.6275457 -0.1537497 -0.6510625 -0.8782722 0.14947724 -0.84008574 -0.82759356 0.5709566 -0.112888694 0.50846994 0.5271343 -0.3246348 -0.7924849 0.7218975 -0.9694171 0.40063572 0.9475683 0.5834601 0.18093455 -0.9390875 0.090034485 -0.7856859 -0.13047445 -0.38418078 0.38723326 -0.7277205 -0.04084015 0.62649226 0.6593491 -0.96896136 -0.45069897 0.6931467 -0.26062632 0.7302129
0.6275457 -0.1537497 0.36877406 -0.8782722 0.14947724 -0.84008574 -0.82759356 0.35710335 -0.112888694 0.50846994 0.5271343 -0.3246348 -0.7924849 0.7218975 0.105201244 -0.4141841 0.9475683 0.5834601 0.63955927 -0.9390875 0.090034485 -0.7856859 -0.13047445 -0.38418078 0.38723326 -0.7277205 -0.04084015 0.62649226 0.6593491 -0.96896136 -0.45069897 0.6931467 0.19696558 0.7302129
-0.56253767 -0.5158055 0.7500471 -0.009119749 0.5457938 0.38303363 0.3163309 0.97843385 -0.112888694 0.45454133 0.51594365 0.07770169 0.83709276 0.5808153 -0.0060772896 -0.47026753 -0.8044958 -0.9586067 0.56160235 0.60059845 -0.6259296 0.75559044 0.027212262 -0.6820295 0.43637192 -0.646312 -0.6285281 0.3059652 0.35712826 0.87631714 -0.45069897 0.7706586 0.179595 -0.64218676
-0.56253767 0.020976543 0.7500471 0.19545758 0.5457938 0.8828771 0.3163309 0.9839356 -0.112888694 0.42017198 0.51594365 0.33349228 0.83709276 0.6583965 -0.0060772896 0.16792417 -0.8044958 0.017001271 0.56160235 -0.1601479 0.23935735 0.6850097 0.027212262 0.52071524 0.43637192 0.041883707 -0.6285281 0.46703565 0.87146103 0.5125978 -0.45069897 0.6797017 0.179595 0.57825625
0.99706924 0.36137033 -0.60651255 0.19545758 -0.14299011 0.8828771 -0.001535058 -0.0663532 -0.64088535 0.42017198 -0.020580173 0.33349228 -0.39368606 0.6583965 0.81593525 0.16792417 -0.94311595 -0.41107976 -0.20813417 -0.1601479 -0.4959967 0.6850097 -0.10342717 -0.7997979 -0.86130035 0.041883707 0.82491493 0.46703565 0.19478929 0.5125978 0.5854403 -0.2240845 -0.2694831 0.57825625
0.33167982 -0.1537497 0.36877406 -0.24677789 0.14947724 -0.84008574 -0.82759356 0.35710335 -0.112888694 0.50846994 0.5271343 -0.3246348 -0.7924849 0.7218975 0.105201244 -0.4141841 0.9475683 0.5834601 0.63955927 -0.9390875 0.9029412 -0.7856859 -0.84075606 -0.65888655 0.38723326 -0.7277205 -0.04084015 0.62649226 0.6593491 -0.43203235 -0.45069897 0.6931467 0.19696558 0.7302129
0.33167982 -0.1537497 0.36877406 -0.24677789 0.9742955 -0.84008574 -0.82759356 0.35710335 -0.112888694 0.50846994 0.5271343 -0.3246348 0.27910066 0.7218975 0.105201244 -0.4141841 0.9475683 0.5834601 0.63955927 -0.9390875 0.9029412 -0.7856859 -0.84075606 -0.65888655 0.72026277 -0.7277205 -0.04084015 0.62649226 0.6593491 -0.43203235 -0.45069897 0.6931467 0.19696558 0.7302129
0.33167982 -0.1537497 0.36877406 -0.9975132 0.9742955 -0.84008574 -0.82759356 0.35710335 -0.112888694 0.50846994 0.5271343 -0.3246348 0.27910066 0.7218975 0.105201244 -0.24235988 0.9475683 0.5834601 0.63955927 -0.9390875 0.9029412 -0.7856859 -0.21305025 -0.65888655 0.72026277 -0.7277205 0.21796083 0.62649226 0.6593491 -0.43203235 -0.45069897 0.6931467 0.19696558 0.7302129
0.23642492 -0.5158055 0.7500471 -0.009119749 -0.87636507 0.07548666 0.3163309 0.97843385 -0.112888694 -0.92015696 0.5870477 0.07770169 0.83709276 0.06278765 -0.0060772896 -0.1287098 -0.8044958 -0.9586067 -0.36524868 0.60059845 -0.6259296 0.75559044 0.30053604 0.19376278 0.7651007 -0.646312 -0.92015016 0.3059652 0.35712826 0.87631714 0.014331818 0.7706586 0.179595 -0.64218676
0.23642492 -0.5158055 -0.590886 -0.009119749 -0.87636507 0.07548666 0.3163309 0.97843385 -0.112888694 -0.92015696 0.5870477 0.07770169 0.83709276 0.16035867 -0.0060772896 -0.1287098 -0.8044958 -0.9586067 -0.36524868 0.60059845 -0.6259296 0.75559044 0.30053604 0.19376278 0.7651007 -0.646312 -0.92015016 0.3059652 0.35712826 0.87631714 0.014331818 0.7706586 0.179595 0.55666804
0.23642492 -0.5158055 -0.590886 -0.009119749 -0.87636507 0.07548666 0.3163309 0.97843385 -0.112888694 -0.92015696 0.5870477 0.07770169 0.83709276 0.16035867 -0.0060772896 -0.1287098 -0.8044958 -0.9586067 -0.36524868 0.60059845 -0.6259296 0.75559044 0.30053604 0.19376278 0.7651007 -0.646312 -0.92015016 0.3059652 0.35712826 0.87631714 0.014331818 0.7706586 0.179595 0.55666804
-0.7091845 0.015699983 0.38120997 -0.009119749 -0.97683585 0.07548666 0.3163309 -0.37299824 -0.112888694 -0.92015696 0.5870477 0.07770169 0.83709276 0.16035867 -0.0060772896 -0.1287098 -0.25800896 -0.7978039 0.94263744 0.60059845 -0.6259296 0.75559044 0.30053604 0.19376278 0.7651007 -0.646312 -0.92015016 0.3059652 0.35712826 -0.52247834 0.014331818 0.061064363 0.179595 0.55666804
0.33167982 0.8307111 -0.5047672 -0.9975132 0.9742955 -0.84008574 -0.82759356 0.8266667 -0.112888694 0.50846994 0.5271343 0.029232264 0.27910066 0.7218975 -0.5382546 -0.24235988 -0.8291161 0.5834601 -0.6345633 -0.9390875 0.9029412 -0.7856859 -0.21305025 0.5005777 0.72026277 -0.54947877 0.21796083 0.13304937 -0.37617457 -0.43203235 -0.45069897 -0.12529254 -0.7700418 -0.6940094
0.33167982 0.8307111 -0.5047672 -0.9975132 0.9742955 -0.84008574 0.86914265 0.8266667 -0.112888694 0.98683214 0.5271343 0.029232264 0.27910066 0.7218975 -0.5382546 -0.24235988 -0.8291161 0.5834601 -0.6345633 -0.9390875 0.9029412 -0.7856859 0.41101074 0.5005777 0.72026277 -0.54947877 0.21796083 0.13304937 0.11872375 -0.43203235 0.34254658 -0.12529254 -0.7700418 0.04702449
0.33167982 0.8307111 -0.5047672 -0.9975132 0.9742955 -0.84008574 0.86914265 0.8266667 -0.112888694 0.98683214 0.5271343 0.029232264 0.27910066 0.7218975 -0.5382546 -0.24235988 -0.8291161 0.5834601 -0.6345633 -0.9390875 0.9029412 -0.7856859 0.41101074 0.5005777 0.72026277 -0.54947877 0.21796083 0.13304937 0.11872375 -0.43203235 0.34254658 -0.12529254 -0.7700418 0.04702449
0.33167982 0.8307111 -0.5047672 -0.9975132 0.9742955 -0.84008574 0.86914265 0.8266667 -0.112888694 0.98683214 0.5271343 0.029232264 0.27910066 0.7218975 -0.5382546 -0.24235988 -0.8291161 0.5834601 -0.6345633 -0.9390875 0.9029412 -0.7856859 0.41101074 0.5005777 0.72026277 -0.54947877 0.21796083 0.13304937 0.11872375 -0.43203235 0.34254658 -0.12529254 -0.7700418 0.04702449
-0.68784416 -0.80539274 -0.24513888 -0.4924265 -0.9532974 0.95359397 -0.8801588 -0.0663532 -0.9068142 0.5350704 0.24152589 -0.42605853 -0.5908644 0.60795987 -0.38767624 0.8122566 0.4295398 0.15731108 0.95325065 0.8149594 0.6208813 -0.16532123 -0.3516184 -0.7765323 -0.23567367 -0.39471698 -0.6891217 -0.310166 0.5869043 0.11898482 -0.64124024 -0.69726264 -0.18352365 0.23424304
-0.68784416 -0.80539274 -0.24513888 -0.4924265 -0.9532974 0.95359397 -0.8801588 -0.0663532 -0.9068142 0.5350704 0.24152589 -0.42605853 -0.5908644 0.60795987 -0.38767624 0.8122566 0.4295398 0.15731108 0.95325065 0.8149594 0.6208813 -0.16532123 -0.3516184 -0.7765323 -0.23567367 -0.39471698 -0.6891217 -0.310166 0.5869043 0.11898482 -0.64124024 -0.69726264 -0.18352365 0.23424304
-0.6646985 -0.80539274 -0.24513888 -0.4924265 -0.9532974 0.95359397 -0.8801588 -0.0663532 -0.9068142 0.5350704 0.24152589 -0.42605853 0.71158934 0.60795987 -0.38767624 0.8122566 0.4295398 0.15731108 -0.8227124 0.8149594 0.6208813 -0.16532123 -0.3516184 0.23593402 0.9339186 0.644034 -0.6891217 -0.815186 0.050390482 0.11898482 -0.64124024 -0.69726264 -0.85891855 0.23424304
0.4588462 0.79979753 0.56701493 -0.86645734 -0.31341612 0.8828771 0.61301506 -0.110753655 -0.69418216 -0.5915575 0.14474928 0.33349228 0.8002379 -0.82082736 -0.99758303 -0.6707778 0.6218829 0.8376783 -0.57980883 0.96924376 0.94149494 -0.0038781166 0.6533787 -0.72765315 -0.86130035 -0.9061575 0.40919805 0.821383 0.61801934 -0.25346076 -0.17796671 0.657403 -0.31248236 -0.67030895
0.4588462 -0.95746076 0.56701493 -0.86645734 -0.31341612 0.8828771 0.61301506 -0.110753655 -0.69418216 -0.5915575 0.14474928 0.33349228 0.8002379 -0.82082736 -0.99758303 -0.6707778 0.6218829 0.8376783 0.7412121 0.96924376 0.94149494 -0.0038781166 0.6533787 -0.72765315 -0.86130035 -0.9061575 0.40919805 0.821383 0.61801934 -0.25346076 -0.17796671 0.657403 -0.31248236 -0.67030895
0.4588462 -0.95746076 0.56701493 -0.86645734 -0.31341612 0.8828771 0.61301506 -0.110753655 -0.72619176 -0.61836755 0.14474928 0.5268625 0.8002379 0.9329456 -0.99758303 -0.14525783 0.6218829 0.8376783 0.7412121 0.96924376 0.94149494 -0.16463625 0.6533787 0.53883445 -0.86130035 -0.9061575 0.40919805 0.89200115 0.61801934 0.06679094 -0.17796671 -0.21060407 -0.04744661 -0.23015094
-0.6646985 -0.80539274 -0.24513888 -0.48072803 -0.9532974 0.95359397 -0.8801588 -0.0663532 -0.9068142 0.5350704 0.24152589 -0.42605853 0.71158934 -0.6195891 -0.38767624 0.8122566 0.4295398 0.15731108 0.92369366 0.8149594 0.25368857 -0.16532123 -0.3516184 0.23593402 0.9339186 0.644034 -0.6891217 -0.815186 0.61141133 0.24492419 -0.64124024 -0.69726264 -0.40111113 0.23424304
-0.6646985 -0.80539274 -0.24513888 -0.47325134 0.81970274 -0.5854622 -0.8801588 -0.77613676 -0.9068142 0.5350704 0.24152589 -0.42605853 -0.44751048 -0.34256876 -0.89363956 0.011587501 0.40944147 0.15731108 0.92369366 0.8149594 0.40365744 -0.16532123 -0.3516184 0.23593402 0.98243093 0.644034 -0.13416696 -0.815186 0.61141133 0.24492419 -0.669225 -0.69726264 -0.40111113 -0.1853323
-0.6646985 -0.80539274 -0.24513888 -0.47325134 0.81970274 -0.5854622 -0.8801588 -0.77613676 -0.9068142 0.5350704 0.24152589 -0.42605853 -0.44751048 -0.34256876 -0.89363956 0.011587501 0.40944147 0.15731108 0.92369366 0.8149594 0.40365744 -0.16532123 -0.3516184 0.23593402 0.98243093 0.644034 -0.13416696 -0.815186 0.61141133 0.24492419 -0.669225 -0.69726264 -0.40111113 -0.1853323
0.33167982 0.7378378 -0.5047672 -0.9975132 0.9742955 0.45942724 0.86914265 0.11605656 -0.58059955 0.98683214 -0.60874796 -0.6995981 -0.67782784 0.7218975 0.4432311 0.48169994 0.57060766 -0.9092145 -0.6345633 -0.85195255 0.9029412 -0.7856859 0.41101074 0.5005777 -0.04115641 -0.4404137 0.21796083 -0.35582995 0.35745275 -0.41498744 0.34254658 0.81857276 -0.7700418 -0.6306777
-0.6646985 -0.80539274 0.8973261 -0.47325134 0.81970274 -0.5854622 -0.9598582 0.24296772 0.91450226 0.67688894 0.24152589 -0.026965857 -0.44751048 -0.63486445 0.15158474 0.011587501 -0.3902744 0.15731108 0.92369366 0.8149594 0.13926482 0.6100502 -0.3516184 0.23593402 0.08686054 0.644034 -0.13416696 -0.18010867 0.61141133 0.17949569 0.7331561 0.8332952 -0.40111113 -0.08499849
-0.6646985 -0.80539274 0.8973261 -0.47325134 0.81970274 0.7759187 -0.9598582 0.24296772 0.91450226 0.3172114 0.24152589 -0.026965857 -0.44751048 -0.63486445 0.15158474 0.7625247 -0.3902744 -0.93950295 0.92369366 -0.685598 0.13926482 0.6100502 -0.3516184 0.23593402 0.08686054 0.644034 -0.13416696 -0.18010867 0.61141133 0.17949569 0.7331561 0.8332952 -0.022705913 -0.08499849
-0.6646985 -0.80539274 0.8973261 -0.47325134 0.81970274 0.7759187 -0.9598582 0.24296772 0.91450226 0.3172114 0.24152589 -0.026965857 -0.44751048 -0.63486445 0.15158474 0.7625247 -0.3902744 -0.93950295 0.92369366 -0.685598 0.13926482 0.6100502 -0.3516184 0.23593402 -0.042135 0.644034 -0.13416696 -0.18010867 0.61141133 0.17949569 0.7331561 0.8332952 -0.022705913 -0.08499849
0.631531 -0.95746076 0.18146777 -0.86645734 -0.61142933 -0.19889104 0.5893251 -0.110753655 -0.4912926 0.4322605 0.14474928 0.5268625 0.51124763 0.563802 -0.99758303 0.9676752 0.6218829 0.22050393 0.3844279 0.96924376 -0.23967302 0.21182263 0.92720246 0.53883445 -0.18125343 -0.8492563 -0.46830797 0.15878475 0.61801934 0.06679094 -0.17796671 0.27811623 -0.69179773 -0.23015094
0.7980614 0.44263172 0.8973261 -0.47325134 0.11849463 0.7759187 -0.9598582 0.24296772 -0.5835197 0.3172114 0.24152589 -0.026965857 -0.44751048 -0.63486445 0.038593054 0.7625247 -0.3902744 0.40333223 -0.6201557 -0.685598 0.13926482 -0.61040974 0.2506721 0.3587265 -0.042135 0.644034 -0.06383777 -0.18010867 -0.67328537 -0.6489223 -0.74880755 0.43339622 -0.45085824 0.25347424
0.631531 -0.95746076 0.18146777 -0.86645734 -0.61142933 -0.19889104 0.5893251 -0.110753655 -0.4912926 0.4322605 0.14474928 0.5268625 0.51124763 0.563802 -0.99758303 0.9676752 0.6218829 0.48486578 0.3844279 0.96924376 -0.23967302 0.21182263 0.92720246 0.53883445 -0.18125343 -0.8492563 -0.46830797 0.15878475 0.61801934 0.06679094 -0.17796671 -0.26823044 -0.69179773 -0.23015094
0.7980614 0.87821853 0.8973261 0.94045365 -0.9879036 0.7759187 -0.9598582 0.24296772 -0.5835197 -0.53547907 0.7907872 -0.026965857 -0.44751048 -0.63486445 0.038593054 0.7625247 -0.3902744 0.40333223 -0.6201557 -0.47045767 0.13926482 0.73239803 0.18408918 -0.6732017 -0.042135 0.644034 -0.7803345 -0.18010867 -0.67328537 0.75646853 -0.74880755 0.43339622 -0.45085824 0.25347424
0.631531 -0.95746076 0.18146777 -0.86645734 -0.61142933 -0.19889104 0.5893251 -0.110753655 -0.4912926 0.4322605 0.14474928 0.5268625 0.51124763 0.563802 -0.99758303 0.9676752 0.6218829 0.48486578 0.3844279 0.96924376 -0.23967302 0.21182263 0.92720246 0.53883445 -0.18125343 -0.8492563 -0.46830797 0.15878475 0.61801934 0.06679094 -0.17796671 -0.26823044 -0.69179773 -0.23015094
0.7980614 0.87821853 0.8973261 0.94045365 -0.9879036 0.7759187 -0.9598582 0.24296772 -0.28990102 -0.9710256 0.7907872 -0.026965857 -0.44751048 -0.63486445 0.038593054 0.7625247 -0.3902744 0.40333223 -0.6201557 -0.47045767 0.13926482 0.73239803 0.18408918 0.11018562 -0.042135 -0.28216875 -0.7803345 -0.18010867 -0.67328537 0.75646853 -0.74880755 0.43339622 -0.45085824 0.05678487
0.631531 -0.8328867 0.18146777 -0.86645734 -0.61142933 0.18243742 0.5893251 -0.5829345 -0.4912926 -0.7306924 0.14474928 0.5268625 0.51124763 0.563802 -0.99758303 0.9676752 0.6218829 -0.22338247 0.3844279 0.96924376 -0.23967302 0.21182263 0.92720246 0.53883445 -0.18125343 0.65697455 -0.46830797 0.15878475 0.61801934 0.06679094 -0.17796671 0.46288872 -0.69179773 -0.23015094
0.7980614 0.87821853 0.8973261 0.94045365 -0.9879036 0.39589763 -0.9598582 0.24296772 -0.28990102 -0.9710256 0.7907872 -0.026965857 -0.2311908 -0.63486445 0.038593054 0.7625247 -0.3902744 0.40333223 -0.6201557 -0.47045767 -0.663751 0.73239803 0.18408918 0.11018562 -0.042135 -0.28216875 -0.7803345 -0.18010867 -0.67328537 0.75646853 -0.74880755 0.43339622 -0.45085824 0.05678487
0.7980614 -0.7628478 0.8973261 0.9845245 -0.9879036 0.39589763 -0.9598582 0.24296772 -0.28990102 -0.9710256 0.7907872 -0.026965857 -0.2311908 -0.63486445 0.038593054 0.7625247 -0.3902744 0.40333223 -0.6201557 -0.47045767 -0.663751 0.73239803 0.18408918 0.11018562 -0.042135 -0.28216875 -0.7803345 -0.18010867 -0.67328537 0.75646853 -0.74880755 0.43339622 -0.45085824 0.05678487
0.20241654 -0.43725848 -0.06553209 0.14222777 -0.022923946 -0.24381387 -0.58463657 -0.110753655 -0.06041777 -0.017750502 -0.42034936 -0.012315631 -0.47278404 -0.85252976 0.7688278 0.96905816 0.86451554 0.8625165 0.6126697 0.30840695 0.27168202 0.8933425 0.688555 -0.17556524 0.8043343 -0.059648275 -0.924474 -0.37679446 0.08602679 -0.76488435 0.0682106 0.18355286 0.8791065 0.6078056
0.7980614 -0.87579525 0.8973261 0.9845245 -0.9879036 0.39589763 -0.9598582 0.24296772 -0.28990102 -0.9710256 0.7907872 -0.026965857 -0.2311908 0.9569466 0.038593054 0.7625247 -0.3902744 0.40333223 -0.6201557 -0.47045767 0.5297924 0.73239803 0.18408918 0.11018562 0.94436574 -0.28216875 -0.7803345 -0.18010867 -0.67328537 -0.9720768 -0.74880755 0.43339622 -0.45085824 0.05678487
