-0.05918312 0.6593096 -0.86073804 0.57014775 0.35932493 0.9152262 -0.6596694 -0.53248 0.6506053 -0.38759232 0.45494747 0.51521134 0.99765813 -0.22834194 -0.28969216 0.9687959 -0.45599544 -0.7900423 -0.012170911 0.8031355 0.13483536 0.9591533 0.38544273 0.3764943 -0.93009484 0.9553375 0.5213207 -0.82964826 -0.28126478 0.65325046 0.32575166 -0.60114634 0.9912404 0.41089833 
-0.15473735 0.7083105 -0.8794539 0.052437663 0.5792537 0.44725287 0.5484841 0.2021817 0.24144387 -0.9230068 0.25085366 0.16227353 0.9891163 0.6290848 0.9524354 0.037941933 -0.6767827 -0.6530949 -0.9444064 0.14746535 0.40069366 0.09459674 -0.76849616 0.023728251 -0.10615957 0.6238841 0.09122169 -0.91690564 0.40819907 -0.32427788 0.8722967 0.1342746 0.87142897 0.18681085 
-0.05918312 0.6593096 -0.86073804 0.57014775 0.35932493 0.9152262 -0.6596694 -0.53248 0.6506053 -0.38759232 0.972123 0.51521134 0.99765813 -0.22834194 -0.28969216 0.9687959 -0.45599544 -0.89934707 -0.012170911 0.8031355 0.13483536 0.9591533 0.38544273 0.3764943 -0.93009484 0.9553375 0.5213207 -0.82964826 -0.28126478 0.935174 0.32575166 -0.60114634 -0.7172537 0.41089833 
-0.63797617 -0.17015874 -0.86073804 -0.6540338 0.35932493 0.44409752 -0.6596694 -0.17174256 0.8013245 -0.878912 0.972123 -0.4702524 0.99765813 -0.28800952 -0.28969216 0.11549044 -0.45599544 -0.04434955 0.41331434 0.87182677 0.47483826 0.091486454 0.38544273 -0.4435364 -0.93009484 -0.40111732 -0.27160895 -0.031466484 -0.28126478 0.2633325 0.32575166 0.41111588 0.78661966 -0.47789788 
-0.05918312 -0.63060164 -0.86073804 0.45039093 0.35932493 -0.46535778 -0.6596694 0.9428092 0.8013245 0.5040487 0.972123 0.09022987 0.99765813 -0.0596267 -0.28969216 -0.8508258 -0.28449094 -0.22679198 0.6872618 -0.20557952 0.5553657 -0.35472047 0.38544273 0.94985914 -0.93009484 0.10762191 0.5213207 -0.017500639 -0.28126478 0.08629608 0.32575166 -0.19399846 -0.7172537 0.30606115 
-0.05918312 -0.63060164 -0.86073804 0.5126904 0.35932493 0.39105725 -0.6596694 -0.9622432 0.29839694 0.5040487 0.146299 0.09022987 0.99765813 -0.0596267 -0.28969216 -0.8508258 -0.28449094 -0.22679198 0.71937454 -0.20557952 0.5553657 -0.35472047 0.05075574 -0.79799986 -0.80926013 0.10762191 0.5213207 -0.017500639 -0.28126478 0.08629608 0.32575166 -0.19399846 -0.7172537 0.30606115 
-0.05918312 -0.17015874 -0.61111856 -0.4643172 0.5148145 0.44409752 0.8295171 -0.17174256 0.114976406 0.78929555 -0.47726452 -0.4702524 0.99765813 -0.9020108 0.40431595 -0.32531285 0.33265316 -0.04434955 -0.012170911 0.0492419 0.13483536 0.091486454 0.7082592 -0.4435364 -0.93009484 -0.40111732 0.46374726 -0.031466484 -0.29878128 0.2633325 0.0066558123 -0.91989326 -0.7172537 -0.47789788 
-0.05918312 -0.17015874 -0.61111856 -0.4643172 0.5148145 0.44409752 0.8295171 -0.17174256 0.114976406 0.78929555 -0.47726452 -0.4702524 0.99765813 -0.9020108 0.40431595 -0.32531285 0.33265316 -0.04434955 -0.012170911 0.0492419 0.13483536 0.091486454 0.7082592 -0.4435364 -0.93009484 -0.40111732 0.46374726 -0.031466484 -0.29878128 0.2633325 0.0066558123 -0.91989326 -0.7172537 -0.47789788 
0.7837783 0.13841677 -0.42528868 0.5576489 -0.4121487 0.58041036 -0.01971054 0.04114437 -0.9765769 -0.42529535 0.25085366 -0.4702524 -0.29316318 0.041656613 -0.73851764 0.43422973 -0.6738503 0.7922152 -0.9444064 0.87182677 0.61691916 0.70850337 -0.76849616 0.80955374 0.50728846 -0.40111732 -0.6954006 -0.5552964 -0.4336704 -0.7569282 -0.009388566 0.038526535 0.5220978 0.32134283 
-0.05918312 0.17596197 0.8266301 0.45039093 0.35932493 0.21728373 -0.6596694 -0.9622432 0.29839694 0.5040487 -0.23127127 -0.66297305 0.99765813 -0.0596267 -0.55444825 -0.8508258 -0.80187595 0.6886916 0.71937454 -0.69587326 0.5553657 0.8292731 0.08407748 -0.79799986 -0.10568452 -0.47076404 0.5213207 -0.017500639 -0.28126478 0.8395064 0.32575166 -0.19399846 0.48954332 0.30606115 
