-0.66754067 0.35760474 -0.713881 -0.92164683 0.61355305 -0.4965229 0.8742074 -0.72679377 0.8779658 -0.56348443 0.9264003 -0.85321414 0.83910227 0.008891344 0.040773034 -0.28782773 -0.48472464 0.55411863 0.45230877 -0.0726707 0.9785497 -0.6988895 0.39883482 -0.6308186 0.9923837 0.3482523 0.32310998 0.7905474 0.68022835 0.38886547 -0.2352413 -0.4275533 -0.6766937 0.53944933 -0.2981776 0.51438284 0.07439709 -0.18311441
-0.66754067 0.35760474 -0.713881 -0.92164683 0.61355305 -0.4965229 0.8742074 -0.72679377 0.8779658 -0.56348443 0.9264003 -0.85321414 0.83910227 0.008891344 0.040773034 -0.28782773 -0.48472464 0.55411863 0.45230877 -0.0726707 0.9785497 -0.6988895 0.39883482 -0.6308186 0.9923837 0.3482523 0.32310998 0.7905474 0.68022835 0.38886547 -0.2352413 -0.4275533 -0.6766937 0.53944933 -0.2981776 0.51438284 0.07439709 -0.18311441
-0.4176867 0.13403678 -0.3462628 -0.5391004 -0.7522998 0.28022814 0.32312405 0.94971764 0.40351748 0.11532843 -0.5629797 0.62303793 0.9401294 0.38091242 -0.966992 0.6645683 -0.7752447 -0.95157933 0.02108717 0.63693154 -0.89195645 0.8939096 -0.12842822 -0.6565242 0.8017651 0.21829331 0.52212286 0.86246085 0.9485134 -0.11333275 -0.3269037 -0.6285423 0.7339119 0.22600317 -0.9498246 -0.030316472 -0.9973872 -0.6442388
-0.46335828 0.9526248 0.97401226 -0.4765544 -0.8816409 0.72451603 -0.5709678 -0.80091107 -0.30624723 -0.07934797 0.6768062 0.12501347 -0.34312284 -0.9818196 -0.74645317 0.74596107 0.56640196 -0.46729589 -0.6907817 0.7988862 0.26912868 0.9086306 0.6692891 -0.11827791 0.46533048 -0.54370916 0.042984128 -0.056097507 0.98631036 -0.6601341 -0.53048706 -0.41526985 0.85404396 -0.1351049 -0.07972288 0.5914773 -0.86244357 -0.7383795
-0.23819935 0.9526248 0.7589989 -0.4765544 0.46045935 0.72451603 0.30962813 -0.80091107 0.19067132 -0.07934797 -0.35751963 0.12501347 -0.006597519 -0.9818196 0.4056301 0.74596107 -0.9850532 -0.46729589 -0.5829474 0.7988862 0.5635413 0.9086306 0.40052903 -0.11827791 0.11967802 -0.54370916 -0.99099636 -0.056097507 0.5954343 -0.6601341 0.17090952 -0.41526985 -0.50888073 -0.1351049 0.4705218 0.5914773 -0.07573831 -0.7383795
-0.23819935 0.13403678 0.7589989 -0.5391004 0.46045935 0.28022814 0.30962813 0.94971764 0.19067132 0.11532843 -0.35751963 0.62303793 -0.006597519 0.70398307 -0.4839419 0.6645683 -0.9720236 -0.95157933 -0.5829474 -0.57610154 0.5635413 0.8939096 0.40052903 -0.6565242 0.11967802 0.21829331 -0.99099636 0.86246085 0.5954343 -0.5818825 0.17090952 -0.6285423 -0.50888073 0.22600317 0.4705218 -0.030316472 -0.07573831 -0.6442388
-0.8968837 0.46700704 0.2381059 -0.40062165 -0.22583258 -0.61347425 -0.1105721 0.24391639 -0.42071486 -0.10308683 0.6192546 -0.97071373 0.089998364 -0.6792977 0.45380747 -0.9224224 0.06398237 -0.8777453 -0.45871842 -0.055765986 -0.42619312 -0.59830904 0.3470677 -0.62301993 -0.7422042 0.96335626 -0.9567361 -0.85186434 0.005125761 0.39829242 -0.8487079 0.14991426 0.35249412 -0.5442046 0.7942333 -0.15855181 0.49803066 -0.7940167
-0.4176867 -0.7381301 -0.3462628 0.61582196 -0.7522998 -0.58808136 0.32312405 -0.010597467 0.40351748 0.49965525 -0.5629797 0.02398026 0.9401294 0.10265815 -0.966992 -0.50211275 -0.7752447 0.16814423 0.02108717 0.22892237 -0.89195645 -0.74958706 -0.12842822 -0.82849574 0.8017651 0.8244325 0.52212286 -0.6302916 0.9485134 -0.02843976 -0.3269037 -0.41413093 0.7339119 0.8788136 -0.9498246 -0.020914316 -0.9973872 0.7742989
-0.4176867 -0.7381301 -0.3462628 0.61582196 -0.7522998 -0.58808136 0.32312405 -0.010597467 0.40351748 0.49965525 -0.5629797 0.02398026 0.9401294 0.10265815 -0.966992 -0.50211275 -0.7752447 0.16814423 0.02108717 0.22892237 -0.89195645 -0.74958706 -0.12842822 -0.82849574 0.8017651 0.8244325 0.52212286 -0.6302916 0.9485134 -0.02843976 -0.3269037 -0.41413093 0.7339119 0.8788136 -0.9498246 -0.020914316 -0.9973872 0.7742989
-0.46335828 0.13403678 0.97401226 -0.5391004 -0.8816409 0.28022814 -0.3846085 0.94971764 -0.30624723 0.11532843 0.6768062 0.62303793 -0.8209411 0.38091242 -0.74645317 0.6645683 0.56640196 0.41767943 -0.6907817 0.63693154 0.26912868 0.8939096 0.6692891 -0.6565242 0.46533048 0.21829331 0.9895612 0.86246085 -0.21753371 -0.5818825 -0.53048706 -0.6285423 0.64457 0.22600317 -0.07972288 -0.030316472 -0.30350924 -0.6442388
-0.23819935 0.9526248 0.7589989 -0.4765544 0.46045935 0.72451603 0.30962813 -0.80091107 0.19067132 -0.07934797 -0.35751963 0.12501347 -0.006597519 -0.9818196 -0.4839419 -0.2503158 -0.9720236 -0.46729589 -0.5829474 0.6103606 0.5635413 0.9086306 0.40052903 -0.11827791 0.11967802 -0.54370916 -0.99099636 -0.056097507 0.5954343 -0.6601341 0.17090952 -0.41526985 -0.50888073 -0.1351049 0.4705218 0.5914773 -0.07573831 -0.7383795
-0.23819935 -0.84711564 0.7589989 0.61967814 0.46045935 -0.29160368 0.30962813 0.15716994 0.19067132 0.5977609 -0.35751963 0.9897522 -0.006597519 -0.8402978 0.4056301 0.11086285 -0.9850532 0.206792 0.82937694 0.3131088 0.5635413 -0.93036366 0.40052903 0.40797937 0.11967802 0.9435835 -0.43978047 0.106979966 0.5954343 0.856009 0.17090952 0.17481422 -0.50888073 0.57940793 0.4705218 -0.40202928 -0.07573831 -0.46281612
0.95308816 0.13403678 -0.10903382 -0.5391004 -0.88593495 0.28022814 -0.27854085 -0.23398805 -0.9769769 0.11532843 -0.94899774 0.62303793 -0.84377277 0.70398307 0.68635213 0.6645683 0.7625549 -0.95157933 -0.3622688 -0.57610154 0.2594297 0.8939096 0.2363025 -0.6565242 0.10838652 0.21829331 -0.5983064 0.86246085 -0.89924157 -0.5818825 -0.07765889 -0.6285423 0.527197 -0.7458687 0.36281407 -0.030316472 0.3189981 -0.6442388
0.95308816 0.13403678 -0.10903382 -0.5391004 -0.88593495 0.28022814 -0.27854085 -0.23398805 0.81687546 0.11532843 -0.76340806 0.22966158 -0.84377277 0.70398307 0.68635213 -0.7244508 0.7625549 -0.95157933 -0.3622688 -0.57610154 0.2594297 0.29984486 0.2363025 -0.6565242 0.10838652 0.21829331 0.56133235 0.86246085 -0.89924157 -0.5818825 -0.07765889 -0.6285423 0.527197 -0.7458687 0.36281407 -0.030316472 0.3189981 -0.6442388
-0.46335828 0.13403678 0.7251159 -0.5391004 -0.8816409 0.28022814 -0.3846085 0.94971764 -0.82721794 0.11532843 0.6768062 0.62303793 -0.8209411 0.38091242 -0.74645317 0.6645683 -0.1700635 0.41767943 -0.6907817 0.63693154 -0.4479668 0.8939096 0.6692891 -0.6565242 0.46533048 0.21829331 0.9895612 0.86246085 0.5648798 -0.5500294 -0.53048706 -0.6285423 0.64457 0.22600317 -0.07972288 -0.030316472 -0.30350924 -0.6442388
-0.3408723 0.13403678 -0.10903382 0.57004523 -0.88593495 0.28022814 -0.27854085 -0.23398805 0.81687546 0.11532843 -0.76340806 0.22966158 -0.84377277 0.70398307 0.68635213 0.2831421 0.7625549 -0.95157933 -0.3622688 -0.57610154 0.2594297 0.29984486 0.2363025 0.41843235 0.10838652 0.21829331 0.56133235 0.86246085 -0.45296168 -0.5818825 -0.07765889 -0.6285423 0.527197 -0.7458687 0.36281407 -0.030316472 0.3189981 -0.4915905
0.5296812 -0.84711564 -0.10903382 0.61967814 -0.88593495 -0.29160368 -0.27854085 0.15716994 -0.9769769 0.5977609 -0.94899774 0.9897522 -0.84377277 -0.8402978 0.68635213 0.11086285 0.7625549 0.206792 -0.2373259 0.3131088 0.2594297 -0.93036366 0.2363025 0.40797937 0.10838652 0.9435835 -0.5983064 0.106979966 -0.15239358 0.856009 -0.07765889 0.17481422 0.527197 0.57940793 0.36281407 -0.40202928 0.3189981 -0.46281612
0.5296812 -0.84711564 -0.10903382 0.61967814 -0.88593495 -0.29160368 -0.27854085 0.15716994 -0.9769769 0.5977609 -0.94899774 0.9897522 -0.84377277 -0.8402978 0.68635213 0.11086285 0.7625549 0.206792 -0.2373259 0.3131088 0.2594297 -0.93036366 0.2363025 0.40797937 0.10838652 0.9435835 -0.5983064 0.106979966 -0.15239358 0.856009 -0.07765889 0.17481422 0.527197 0.57940793 0.36281407 -0.40202928 0.3189981 -0.46281612
-0.23819935 0.9526248 0.7589989 -0.4765544 0.46045935 0.72451603 0.30962813 -0.80091107 0.19067132 -0.07934797 -0.35751963 0.12501347 -0.006597519 -0.9818196 0.4056301 0.74596107 -0.9850532 -0.46729589 0.82937694 0.7988862 0.5635413 0.73357666 0.40052903 0.82917 0.11967802 -0.54370916 -0.43978047 -0.056097507 0.5954343 -0.6601341 0.17090952 -0.41526985 -0.50888073 -0.1351049 0.4705218 0.5914773 -0.07573831 -0.7383795
-0.23819935 0.9526248 0.7589989 -0.4765544 0.46045935 0.72451603 0.30962813 -0.80091107 0.19067132 -0.07934797 -0.35751963 0.12501347 -0.006597519 -0.9818196 0.4056301 0.74596107 -0.9850532 -0.46729589 0.82937694 0.7988862 0.5635413 0.73357666 0.40052903 0.82917 0.11967802 -0.54370916 -0.43978047 -0.056097507 0.5954343 -0.6601341 0.17090952 -0.41526985 -0.50888073 -0.1351049 0.4705218 0.5914773 -0.07573831 -0.7383795
-0.23819935 0.9526248 0.7589989 -0.4765544 0.46045935 0.72451603 0.30962813 -0.80091107 0.19067132 -0.07934797 -0.35751963 0.12501347 -0.006597519 -0.9818196 0.4056301 0.74596107 -0.9850532 -0.46729589 0.82937694 0.7988862 0.5635413 0.73357666 0.40052903 0.82917 0.11967802 -0.54370916 -0.43978047 -0.056097507 0.5954343 -0.6601341 0.17090952 -0.41526985 -0.50888073 -0.1351049 0.4705218 0.5914773 -0.07573831 -0.7383795
-0.23819935 0.9526248 0.7589989 -0.4765544 0.46045935 0.72451603 0.30962813 -0.80091107 0.19067132 -0.07934797 -0.35751963 0.12501347 -0.006597519 -0.9818196 0.4056301 0.74596107 -0.9850532 -0.46729589 0.82937694 0.7988862 0.5635413 0.73357666 0.40052903 0.82917 0.11967802 -0.07184219 -0.43978047 -0.056097507 0.5954343 -0.6601341 0.17090952 -0.41526985 -0.50888073 -0.1351049 0.4705218 0.5914773 -0.07573831 -0.7383795
-0.23819935 0.9526248 0.7589989 -0.4765544 0.46045935 0.72451603 0.30962813 -0.80091107 0.19067132 -0.07934797 -0.35751963 0.12501347 -0.006597519 -0.9818196 0.4056301 0.74596107 -0.9850532 -0.46729589 0.82937694 0.7988862 0.5635413 0.73357666 0.40052903 0.82917 0.11967802 -0.54370916 -0.43978047 -0.056097507 0.5954343 -0.6601341 0.17090952 -0.41526985 -0.50888073 -0.1351049 0.4705218 0.5914773 -0.07573831 -0.7383795
-0.23819935 0.9526248 -0.67085505 0.39980555 -0.5914103 0.72451603 0.30962813 -0.80091107 0.19067132 -0.07934797 -0.35751963 0.12501347 -0.006597519 -0.9818196 0.4056301 0.74596107 -0.9850532 -0.46729589 0.82937694 0.7988862 0.5635413 0.73357666 -0.85203445 0.82917 0.11967802 -0.07184219 -0.43978047 -0.056097507 -0.009645939 -0.6601341 0.17090952 -0.41526985 -0.50888073 -0.1351049 0.4705218 0.5914773 -0.07573831 0.98946154
-0.23819935 0.9526248 -0.67085505 0.39980555 -0.5914103 0.72451603 0.30962813 -0.80091107 0.19067132 -0.07934797 -0.35751963 0.12501347 -0.006597519 -0.9818196 0.4056301 0.74596107 -0.9850532 -0.46729589 0.82937694 0.7988862 0.5635413 0.73357666 -0.85203445 0.82917 0.11967802 -0.07184219 -0.43978047 -0.056097507 -0.009645939 -0.6601341 0.17090952 -0.41526985 -0.50888073 -0.1351049 0.4705218 0.5914773 -0.07573831 0.98946154
-0.23819935 0.9526248 0.7589989 -0.4765544 0.46045935 0.72451603 0.30962813 -0.80091107 0.19067132 -0.07934797 -0.35751963 0.12501347 -0.006597519 -0.9818196 0.4056301 0.74596107 -0.9850532 -0.46729589 0.82937694 0.7988862 0.5635413 0.73357666 0.40052903 0.82917 0.11967802 -0.54370916 -0.43978047 -0.056097507 0.5954343 -0.6601341 0.17090952 -0.41526985 -0.50888073 -0.1351049 0.4705218 0.5914773 -0.07573831 -0.7383795
-0.23819935 0.9526248 0.7589989 -0.4765544 0.46045935 0.72451603 0.30962813 -0.80091107 0.19067132 -0.07934797 -0.35751963 0.12501347 -0.006597519 -0.9818196 0.4056301 0.74596107 -0.9850532 -0.46729589 0.82937694 0.7988862 0.5635413 0.73357666 0.40052903 0.82917 0.11967802 -0.54370916 -0.43978047 -0.056097507 0.5954343 -0.6601341 0.17090952 -0.41526985 -0.50888073 -0.1351049 0.4705218 0.5914773 -0.07573831 -0.7383795
-0.23819935 0.9526248 -0.67085505 -0.4765544 -0.5914103 0.72451603 0.30962813 -0.80091107 0.19067132 -0.07934797 -0.35751963 0.12501347 -0.006597519 -0.9818196 0.4056301 0.74596107 -0.9850532 -0.46729589 0.82937694 0.7988862 0.5635413 0.73357666 -0.85203445 0.82917 0.11967802 -0.54370916 -0.43978047 -0.056097507 -0.009645939 -0.6601341 0.17090952 -0.41526985 -0.50888073 -0.1351049 0.4705218 0.5914773 -0.07573831 -0.7383795
-0.23819935 0.9526248 0.7589989 -0.4765544 0.46045935 0.72451603 0.30962813 -0.80091107 0.19067132 -0.07934797 -0.35751963 0.12501347 -0.006597519 -0.9818196 0.4056301 0.74596107 -0.9850532 -0.2713256 0.82937694 0.7988862 0.5635413 0.73357666 0.40052903 0.82917 0.11967802 -0.54370916 -0.43978047 -0.056097507 0.5954343 -0.6601341 0.17090952 -0.41526985 -0.50888073 -0.1351049 0.4705218 0.5914773 -0.07573831 -0.7383795
-0.23819935 0.9526248 0.7589989 -0.4765544 0.46045935 0.72451603 0.30962813 -0.80091107 0.19067132 -0.07934797 -0.35751963 0.12501347 -0.006597519 -0.9818196 0.4056301 0.74596107 -0.9850532 -0.46729589 0.82937694 0.7988862 0.5635413 0.73357666 0.40052903 0.82917 0.11967802 -0.54370916 -0.43978047 -0.056097507 0.5954343 -0.6601341 0.17090952 -0.41526985 -0.50888073 -0.1351049 0.4705218 0.5914773 -0.07573831 -0.7383795
-0.23819935 0.9526248 0.7589989 -0.4765544 0.46045935 0.72451603 0.30962813 -0.80091107 0.19067132 -0.07934797 -0.35751963 0.12501347 -0.006597519 -0.9818196 0.4056301 0.74596107 -0.9850532 -0.46729589 0.82937694 0.7988862 0.5635413 0.73357666 0.40052903 0.82917 0.11967802 -0.54370916 -0.43978047 -0.056097507 0.5954343 -0.6601341 0.17090952 -0.41526985 -0.50888073 -0.1351049 0.4705218 0.5914773 -0.07573831 -0.7383795
-0.23819935 0.9526248 0.7589989 -0.4765544 0.46045935 0.72451603 0.30962813 -0.80091107 0.19067132 -0.07934797 -0.35751963 0.12501347 -0.006597519 -0.9818196 0.4056301 0.74596107 -0.9850532 -0.46729589 0.82937694 0.7988862 0.5635413 0.73357666 0.40052903 0.82917 0.11967802 -0.54370916 -0.43978047 -0.056097507 0.5954343 -0.6601341 0.17090952 -0.41526985 -0.50888073 -0.1351049 0.4705218 0.5914773 -0.07573831 -0.7383795
-0.23819935 0.9526248 0.7589989 -0.4765544 0.46045935 0.72451603 0.30962813 -0.80091107 0.19067132 -0.07934797 -0.35751963 0.12501347 -0.006597519 -0.9818196 0.4056301 0.74596107 -0.9850532 -0.46729589 0.82937694 0.7988862 0.5635413 0.73357666 0.40052903 0.82917 0.11967802 -0.54370916 -0.43978047 -0.056097507 0.5954343 -0.6601341 0.17090952 -0.41526985 -0.50888073 -0.1351049 0.4705218 0.5914773 -0.07573831 -0.7383795
-0.23819935 0.9526248 0.7589989 -0.4765544 0.46045935 0.72451603 0.30962813 -0.80091107 0.19067132 -0.07934797 -0.35751963 0.12501347 -0.006597519 -0.9818196 0.4056301 0.74596107 -0.9850532 -0.46729589 0.82937694 0.7988862 0.5635413 0.73357666 0.40052903 0.82917 0.11967802 -0.54370916 -0.43978047 -0.056097507 0.5954343 -0.6601341 0.17090952 -0.41526985 -0.50888073 -0.1351049 0.4705218 0.5914773 -0.07573831 -0.7383795
-0.23819935 0.9526248 0.7589989 -0.4765544 0.46045935 0.72451603 0.30962813 -0.80091107 0.19067132 -0.07934797 -0.35751963 0.12501347 -0.006597519 -0.9818196 0.4056301 0.74596107 -0.9850532 -0.46729589 0.82937694 0.7988862 0.5635413 0.73357666 0.40052903 0.82917 0.11967802 -0.54370916 -0.43978047 -0.056097507 0.5954343 -0.6601341 0.17090952 -0.41526985 -0.50888073 -0.1351049 0.4705218 0.5914773 -0.07573831 -0.7383795
-0.23819935 0.9526248 0.7589989 -0.4765544 0.46045935 0.72451603 0.30962813 -0.80091107 0.19067132 -0.07934797 -0.35751963 0.12501347 -0.006597519 -0.9818196 0.4056301 0.74596107 -0.9850532 -0.46729589 0.82937694 0.7988862 0.5635413 -0.7594876 0.40052903 0.82917 0.60288274 -0.54370916 -0.43978047 0.23097408 0.5954343 -0.6601341 0.17090952 -0.41526985 -0.50888073 -0.89712703 0.4705218 0.5914773 -0.07573831 -0.7383795
-0.23819935 0.9526248 0.7589989 -0.4765544 0.46045935 0.72451603 0.30962813 -0.80091107 0.19067132 -0.07934797 -0.35751963 0.12501347 -0.006597519 -0.9818196 0.4056301 0.74596107 -0.9850532 -0.46729589 0.82937694 0.7988862 0.5635413 0.73357666 0.40052903 0.82917 0.11967802 -0.54370916 -0.43978047 -0.056097507 0.5954343 -0.6601341 0.17090952 -0.41526985 -0.50888073 -0.1351049 0.4705218 0.5914773 -0.07573831 -0.7383795
-0.23819935 0.9526248 0.91828597 -0.4765544 -0.5367923 0.72451603 0.30962813 -0.80091107 0.19067132 -0.07934797 -0.35751963 0.12501347 -0.006597519 -0.9818196 0.4056301 -0.3028475 -0.9850532 0.03663385 0.82937694 0.7988862 0.5635413 0.73357666 -0.85203445 -0.03914368 0.11967802 -0.54370916 -0.43978047 -0.056097507 -0.009645939 -0.6601341 0.728829 -0.41526985 -0.50888073 -0.1351049 -0.2349503 0.75222695 0.04765439 -0.7383795
-0.23819935 0.9526248 0.7589989 -0.4765544 0.46045935 0.72451603 0.30962813 -0.80091107 0.19067132 -0.07934797 -0.35751963 0.12501347 -0.006597519 -0.9818196 0.4056301 0.74596107 -0.9850532 -0.46729589 0.82937694 0.7988862 0.5635413 0.73357666 0.40052903 0.82917 0.11967802 -0.54370916 -0.43978047 -0.056097507 0.5954343 -0.6601341 0.17090952 -0.41526985 -0.50888073 -0.1351049 0.4705218 0.5914773 -0.07573831 -0.7383795
-0.23819935 0.9526248 0.7589989 -0.4765544 0.46045935 0.72451603 0.30962813 -0.80091107 0.19067132 -0.07934797 -0.35751963 0.12501347 -0.006597519 -0.9818196 0.4056301 -0.3028475 -0.9850532 0.03663385 0.82937694 0.7988862 0.5635413 0.73357666 0.40052903 0.82917 0.11967802 -0.54370916 -0.43978047 -0.056097507 0.5954343 -0.6601341 0.17090952 -0.41526985 -0.50888073 -0.1351049 0.4705218 0.75222695 -0.07573831 -0.7383795
-0.23819935 0.9526248 0.91828597 -0.4765544 -0.5367923 0.4687953 0.30962813 -0.80091107 0.19067132 -0.07934797 -0.35751963 0.12501347 -0.006597519 -0.9818196 0.4056301 -0.3028475 -0.9850532 0.03663385 0.82937694 0.7988862 0.5635413 0.73357666 -0.85203445 0.551016 0.11967802 -0.54370916 -0.43978047 -0.22264194 -0.009645939 -0.6601341 0.728829 0.9470986 -0.50888073 -0.1351049 -0.2349503 0.75222695 0.04765439 -0.7383795
-0.23819935 0.9526248 0.7589989 -0.4765544 0.46045935 0.72451603 0.30962813 -0.80091107 0.19067132 -0.07934797 -0.35751963 0.12501347 -0.006597519 -0.9818196 0.4056301 -0.3028475 -0.9850532 0.03663385 0.82937694 0.7988862 0.5635413 0.73357666 0.40052903 0.82917 0.11967802 -0.54370916 -0.43978047 -0.056097507 0.5954343 -0.6601341 0.17090952 -0.41526985 -0.50888073 -0.1351049 0.4705218 0.75222695 -0.07573831 -0.7383795
-0.23819935 0.9526248 0.7589989 -0.4765544 0.46045935 0.72451603 0.30962813 -0.80091107 0.19067132 -0.07934797 -0.35751963 0.12501347 -0.006597519 -0.9818196 0.4056301 -0.3028475 -0.9850532 0.03663385 0.82937694 0.7988862 0.5635413 0.73357666 0.40052903 0.82917 0.11967802 -0.54370916 -0.43978047 -0.056097507 0.5954343 -0.6601341 0.17090952 -0.41526985 -0.50888073 -0.1351049 0.4705218 0.75222695 -0.07573831 -0.7383795
-0.23819935 0.9526248 0.91828597 -0.4765544 -0.5367923 0.72451603 0.04227996 -0.80091107 -0.2823187 -0.07934797 -0.35751963 0.12501347 -0.006597519 -0.9818196 0.4056301 -0.3028475 -0.9850532 0.03663385 0.82937694 0.7988862 0.5635413 -0.51878285 -0.6704192 -0.03914368 0.11967802 -0.54370916 -0.43978047 -0.056097507 -0.009645939 -0.6601341 0.728829 -0.41526985 -0.50888073 -0.1351049 -0.2349503 0.75222695 0.04765439 -0.7383795
-0.23819935 0.9526248 0.7589989 -0.4765544 0.53262067 0.72451603 0.30962813 -0.80091107 0.19067132 -0.07934797 -0.29178214 0.12501347 0.14350557 -0.9818196 0.4056301 -0.3028475 -0.9850532 0.03663385 0.82937694 0.7988862 0.5635413 0.73357666 -0.77368844 0.82917 0.11967802 -0.54370916 -0.43978047 -0.056097507 0.5954343 -0.6601341 0.17090952 -0.41526985 0.054288983 -0.1351049 0.4705218 0.75222695 -0.07573831 -0.7383795
-0.23819935 0.9526248 0.7589989 -0.4765544 0.53262067 0.72451603 0.30962813 -0.80091107 0.19067132 -0.07934797 -0.29178214 0.12501347 0.14350557 -0.9818196 0.4056301 -0.3028475 -0.9850532 0.03663385 0.82937694 0.7988862 0.5635413 0.73357666 -0.77368844 0.82917 0.11967802 -0.54370916 -0.43978047 -0.056097507 0.5954343 -0.6601341 0.17090952 -0.41526985 0.054288983 -0.1351049 0.4705218 0.75222695 -0.07573831 -0.7383795
-0.23819935 0.9526248 0.91828597 -0.4765544 0.3417822 0.72451603 0.30962813 -0.80091107 0.19067132 -0.07934797 -0.35751963 0.12501347 -0.006597519 -0.9818196 0.4056301 0.74596107 -0.9850532 -0.46729589 0.82937694 0.7988862 0.5635413 0.73357666 -0.85203445 0.82917 0.11967802 -0.54370916 -0.43978047 -0.056097507 -0.009645939 -0.6601341 0.728829 -0.41526985 -0.50888073 -0.1351049 -0.2349503 0.09377992 0.04765439 -0.7383795
-0.23819935 0.9526248 0.7589989 -0.4765544 0.46045935 0.4687953 0.30962813 -0.80091107 0.19067132 -0.07934797 -0.35751963 0.12501347 -0.006597519 -0.9818196 0.4056301 -0.3028475 -0.9850532 0.03663385 0.82937694 0.7988862 0.5635413 0.73357666 0.40052903 0.551016 0.11967802 -0.54370916 -0.43978047 -0.22264194 0.5954343 -0.6601341 0.17090952 0.9470986 -0.50888073 -0.1351049 0.4705218 0.75222695 -0.07573831 -0.7383795
-0.23819935 0.9526248 0.7589989 -0.4765544 0.46045935 0.72451603 0.30962813 -0.80091107 0.19067132 -0.07934797 -0.35751963 0.12501347 -0.006597519 -0.9818196 0.4056301 -0.3028475 -0.9850532 0.03663385 0.82937694 0.7988862 0.5635413 0.73357666 0.40052903 0.82917 0.11967802 -0.54370916 -0.43978047 -0.056097507 0.5954343 -0.6601341 0.17090952 -0.41526985 -0.50888073 -0.1351049 0.4705218 0.75222695 -0.07573831 -0.7383795
-0.23819935 0.9526248 0.91828597 -0.4765544 0.3417822 0.72451603 0.30962813 -0.80091107 0.19067132 -0.07934797 -0.35751963 0.12501347 -0.006597519 -0.9818196 0.4056301 0.74596107 -0.9850532 -0.46729589 0.82937694 0.7988862 0.5635413 0.73357666 -0.85203445 0.82917 0.11967802 -0.54370916 -0.43978047 -0.056097507 -0.009645939 -0.6601341 0.728829 -0.41526985 -0.50888073 -0.1351049 -0.2349503 0.09377992 0.04765439 -0.7383795
-0.23819935 0.9526248 0.7589989 -0.4765544 0.46045935 0.72451603 0.30962813 -0.80091107 0.19067132 -0.07934797 -0.35751963 0.12501347 -0.006597519 -0.9818196 0.4056301 -0.3028475 -0.9850532 0.03663385 0.82937694 0.7988862 0.5635413 0.73357666 0.40052903 0.82917 0.11967802 -0.54370916 -0.43978047 -0.056097507 0.5954343 -0.6601341 0.17090952 -0.41526985 -0.50888073 -0.1351049 0.4705218 0.75222695 -0.07573831 -0.7383795
-0.23819935 0.9526248 0.7589989 -0.4765544 0.53262067 0.72451603 0.30962813 -0.80091107 0.19067132 -0.07934797 -0.29178214 0.12501347 0.14350557 -0.9818196 0.4056301 0.74596107 -0.9850532 -0.46729589 0.82937694 0.7988862 0.5635413 0.73357666 -0.77368844 0.82917 0.11967802 -0.54370916 -0.43978047 -0.056097507 0.5954343 -0.6601341 0.17090952 -0.41526985 0.054288983 -0.1351049 0.4705218 0.09377992 -0.07573831 -0.7383795
-0.23819935 0.9526248 0.7589989 -0.4765544 0.53262067 0.72451603 0.30962813 -0.80091107 0.19067132 -0.07934797 -0.29178214 0.12501347 0.14350557 -0.9818196 0.4056301 0.74596107 -0.9850532 -0.46729589 0.82937694 0.7988862 0.5635413 0.73357666 -0.77368844 0.82917 0.11967802 -0.54370916 -0.43978047 -0.056097507 0.5954343 -0.6601341 0.17090952 -0.41526985 0.054288983 -0.1351049 0.4705218 0.09377992 -0.07573831 -0.7383795
-0.23819935 0.9526248 0.7589989 0.3890859 0.53262067 0.72451603 0.30962813 -0.80091107 -0.5688268 -0.07934797 -0.29178214 0.12501347 0.14350557 -0.9818196 0.4056301 -0.3028475 -0.9850532 0.03663385 0.82937694 0.7988862 0.5635413 -0.249529 -0.77368844 0.82917 0.11967802 -0.54370916 -0.43978047 -0.056097507 0.5954343 -0.6601341 0.17090952 -0.41526985 0.48597288 -0.1351049 0.4705218 0.75222695 -0.07573831 -0.7383795
-0.23819935 0.9526248 0.7589989 -0.4765544 0.53262067 0.72451603 0.30962813 -0.80091107 0.19067132 -0.07934797 -0.29178214 0.12501347 0.14350557 -0.9818196 0.4056301 -0.3028475 -0.9850532 0.03663385 0.82937694 0.7988862 0.5635413 0.73357666 -0.77368844 0.82917 0.11967802 -0.54370916 -0.43978047 -0.056097507 0.5954343 -0.6601341 0.17090952 -0.41526985 0.054288983 -0.1351049 0.4705218 0.75222695 -0.07573831 -0.7383795
-0.23819935 0.9526248 0.7589989 -0.4765544 0.46045935 0.72451603 0.74570847 -0.80091107 0.19067132 0.43269908 -0.35751963 0.12501347 -0.006597519 -0.9818196 0.4056301 0.24508297 -0.9850532 0.03663385 -0.7040732 0.7988862 0.5635413 0.73357666 0.40052903 0.82917 0.09957409 -0.54370916 -0.43978047 -0.056097507 0.5954343 -0.6601341 0.17090952 -0.41526985 -0.50888073 -0.1351049 0.4705218 0.75222695 -0.07573831 -0.7383795
-0.23819935 0.9526248 0.7589989 -0.4765544 0.53262067 0.72451603 0.30962813 -0.80091107 0.19067132 -0.07934797 -0.29178214 0.12501347 0.14350557 -0.9818196 0.4056301 -0.3028475 -0.9850532 0.03663385 0.82937694 0.7988862 0.5635413 0.73357666 -0.77368844 0.82917 0.11967802 -0.54370916 -0.43978047 -0.056097507 0.5954343 -0.6601341 0.17090952 -0.41526985 0.054288983 -0.1351049 0.4705218 0.75222695 -0.07573831 -0.7383795
-0.23819935 0.9526248 0.7589989 -0.4765544 0.53262067 0.72451603 0.30962813 -0.80091107 0.19067132 -0.07934797 -0.29178214 0.12501347 0.14350557 -0.9818196 0.4056301 -0.3028475 -0.9850532 0.03663385 0.82937694 0.7988862 0.5635413 0.73357666 -0.77368844 0.82917 0.11967802 -0.54370916 -0.43978047 -0.056097507 0.5954343 -0.6601341 0.17090952 -0.41526985 0.054288983 -0.1351049 0.4705218 0.75222695 -0.07573831 -0.7383795
-0.23819935 0.9526248 0.7589989 -0.4765544 0.53262067 0.72451603 0.30962813 -0.80091107 0.19067132 -0.07934797 -0.29178214 0.12501347 0.14350557 -0.9818196 0.4056301 -0.3028475 -0.9850532 0.03663385 0.82937694 0.7988862 0.5635413 0.73357666 -0.77368844 0.82917 0.11967802 -0.54370916 -0.43978047 -0.056097507 0.5954343 -0.6601341 0.17090952 -0.41526985 0.054288983 -0.1351049 0.4705218 0.75222695 -0.07573831 -0.7383795
-0.23819935 0.9526248 0.7589989 -0.4765544 0.53262067 0.4687953 0.30962813 -0.80091107 0.19067132 -0.07934797 -0.29178214 0.12501347 0.14350557 -0.9818196 0.4056301 -0.3028475 -0.9850532 0.03663385 0.82937694 0.7988862 0.5635413 0.73357666 -0.77368844 0.551016 0.11967802 -0.54370916 -0.43978047 -0.22264194 0.5954343 -0.6601341 0.17090952 0.9470986 0.054288983 -0.1351049 0.4705218 0.75222695 -0.07573831 -0.7383795
-0.23819935 0.9526248 0.7589989 -0.4765544 0.53262067 0.72451603 0.30962813 -0.80091107 0.19067132 -0.07934797 -0.29178214 0.12501347 0.14350557 -0.9818196 0.4056301 -0.3028475 -0.9850532 0.03663385 0.82937694 0.7988862 0.5635413 0.73357666 -0.9068997 0.82917 0.11967802 -0.54370916 -0.43978047 -0.056097507 0.5954343 -0.6601341 0.17090952 -0.41526985 0.054288983 -0.1351049 0.4705218 0.75222695 -0.07573831 -0.7383795
-0.23819935 0.9526248 0.7589989 -0.4765544 0.53262067 0.72451603 0.30962813 -0.80091107 0.19067132 -0.07934797 -0.29178214 0.12501347 0.14350557 -0.9818196 0.4056301 -0.3028475 -0.9850532 0.03663385 0.82937694 0.7988862 0.5635413 0.73357666 -0.77368844 0.82917 0.11967802 -0.54370916 -0.43978047 -0.056097507 0.5954343 -0.6601341 0.17090952 -0.41526985 0.054288983 -0.1351049 0.4705218 0.75222695 -0.07573831 -0.7383795
-0.23819935 0.9526248 0.7589989 -0.4765544 0.53262067 0.72451603 0.30962813 -0.80091107 0.19067132 -0.07934797 -0.29178214 0.12501347 0.14350557 -0.9818196 0.4056301 -0.3028475 -0.9850532 0.03663385 0.82937694 0.7988862 0.5635413 0.73357666 -0.77368844 0.82917 0.11967802 -0.54370916 -0.43978047 -0.056097507 0.5954343 -0.6601341 0.17090952 -0.41526985 0.054288983 -0.1351049 0.4705218 0.75222695 -0.07573831 -0.7383795
-0.23819935 0.9526248 0.7589989 -0.4765544 0.53262067 0.72451603 0.30962813 -0.80091107 0.19067132 -0.07934797 -0.29178214 0.12501347 0.14350557 -0.9818196 0.4056301 -0.3028475 -0.9850532 0.03663385 0.82937694 0.7988862 0.5635413 0.73357666 -0.9068997 0.82917 0.11967802 -0.54370916 -0.43978047 -0.056097507 0.5954343 -0.6601341 0.17090952 -0.41526985 0.054288983 -0.1351049 0.4705218 0.75222695 -0.07573831 -0.7383795
-0.23819935 0.9526248 0.7589989 0.5009792 0.53262067 0.9096652 0.30962813 -0.87239337 0.19067132 -0.07934797 -0.29178214 0.12501347 0.14350557 -0.9818196 0.4056301 0.3551693 -0.9850532 -0.46729589 0.82937694 0.7988862 0.5635413 0.73357666 -0.77368844 0.82917 0.11967802 -0.54370916 -0.43978047 -0.056097507 0.5954343 -0.6601341 0.17090952 -0.41526985 0.054288983 -0.1351049 0.4705218 0.09377992 -0.07573831 -0.7383795
-0.23819935 0.9526248 0.7589989 -0.4765544 0.53262067 0.72451603 0.30962813 -0.80091107 0.19067132 -0.07934797 -0.29178214 0.12501347 0.14350557 -0.9818196 0.4056301 -0.3028475 -0.9850532 0.03663385 0.82937694 0.7988862 0.5635413 0.73357666 -0.77368844 0.82917 0.11967802 -0.54370916 -0.43978047 -0.056097507 0.5954343 -0.6601341 0.17090952 -0.41526985 0.054288983 -0.1351049 0.4705218 0.75222695 -0.07573831 -0.7383795
-0.23819935 0.9526248 0.7589989 0.051840544 0.53262067 0.72451603 0.30962813 -0.80091107 0.19067132 -0.07934797 -0.29178214 -0.32552266 0.14350557 -0.9818196 0.4056301 0.74596107 -0.9850532 -0.46729589 0.82937694 -0.41772354 0.5635413 0.73357666 -0.77368844 0.82917 0.11967802 -0.54370916 -0.43978047 -0.056097507 0.5954343 -0.6601341 0.17090952 -0.41526985 0.054288983 -0.1351049 0.4705218 0.5914773 -0.07573831 -0.7383795
-0.23819935 0.9526248 0.7589989 -0.4765544 0.53262067 0.72451603 0.30962813 -0.80091107 0.19067132 -0.07934797 -0.29178214 0.12501347 0.14350557 -0.9818196 0.4056301 -0.3028475 -0.9850532 0.03663385 0.82937694 0.7988862 0.5635413 0.73357666 -0.77368844 0.82917 0.11967802 -0.54370916 -0.43978047 -0.056097507 0.5954343 -0.6601341 0.17090952 -0.41526985 0.054288983 -0.1351049 0.4705218 0.75222695 -0.07573831 -0.7383795
-0.23819935 0.9526248 0.7589989 -0.4765544 0.53262067 0.72451603 0.30962813 -0.80091107 0.19067132 -0.07934797 -0.29178214 0.12501347 0.14350557 -0.9818196 0.4056301 -0.3028475 -0.9850532 0.03663385 0.82937694 0.7988862 0.5635413 0.73357666 -0.77368844 0.82917 0.11967802 -0.54370916 -0.43978047 -0.056097507 0.5954343 -0.6601341 0.17090952 -0.41526985 0.054288983 -0.1351049 0.4705218 0.75222695 -0.07573831 -0.7383795
-0.23819935 0.9526248 0.7589989 0.5009792 0.53262067 0.9096652 0.30962813 -0.87239337 0.19067132 -0.07934797 -0.29178214 0.12501347 0.14350557 -0.9818196 0.4056301 0.3551693 -0.9850532 -0.46729589 0.82937694 0.7988862 0.5635413 0.73357666 -0.77368844 0.82917 0.11967802 -0.54370916 -0.43978047 -0.056097507 0.5954343 -0.6601341 0.17090952 -0.41526985 0.054288983 -0.1351049 0.4705218 0.09377992 -0.07573831 -0.7383795
-0.23819935 0.9526248 0.7589989 -0.4765544 0.53262067 0.72451603 0.30962813 -0.80091107 0.19067132 -0.07934797 -0.29178214 0.12501347 0.14350557 -0.9818196 0.4056301 -0.3028475 -0.9850532 0.03663385 0.82937694 0.7988862 0.5635413 0.73357666 -0.9068997 0.82917 0.11967802 -0.54370916 -0.43978047 -0.056097507 0.5954343 -0.6601341 0.17090952 -0.41526985 0.054288983 -0.1351049 0.4705218 0.75222695 -0.07573831 -0.7383795
-0.23819935 0.9526248 0.7589989 -0.41141534 0.53262067 0.72451603 0.4359343 -0.80091107 0.19067132 -0.07934797 -0.29178214 0.12501347 0.14350557 -0.9818196 0.4056301 -0.3028475 -0.9850532 0.38067174 0.82937694 0.7988862 0.5635413 0.73357666 -0.9068997 0.82917 0.11967802 -0.54370916 -0.43978047 0.4226426 0.5954343 -0.6601341 -0.46201622 -0.41526985 0.054288983 -0.1351049 0.4705218 0.75222695 -0.07573831 -0.7383795
-0.23819935 0.9526248 0.7589989 -0.41141534 0.53262067 0.72451603 0.4359343 -0.80091107 0.19067132 -0.07934797 -0.29178214 0.12501347 0.14350557 -0.9818196 0.4056301 -0.3028475 -0.9850532 0.38067174 0.82937694 0.7988862 0.5635413 0.73357666 -0.9068997 0.82917 0.11967802 -0.54370916 -0.43978047 0.4226426 0.5954343 -0.6601341 -0.46201622 -0.41526985 0.054288983 -0.1351049 0.4705218 0.75222695 -0.07573831 -0.7383795
-0.23819935 0.9526248 0.7589989 -0.4765544 0.53262067 0.72451603 0.30962813 -0.80091107 0.19067132 -0.07934797 -0.29178214 0.12501347 0.14350557 -0.9818196 0.4056301 -0.3028475 -0.9850532 0.03663385 0.82937694 0.7988862 0.5635413 0.73357666 -0.77368844 0.82917 0.11967802 -0.54370916 -0.43978047 -0.056097507 0.5954343 -0.6601341 0.17090952 -0.41526985 0.054288983 -0.1351049 0.4705218 0.75222695 -0.07573831 -0.7383795
-0.23819935 0.9526248 0.7589989 -0.4765544 0.53262067 0.72451603 0.30962813 -0.80091107 0.19067132 -0.07934797 -0.29178214 0.12501347 0.14350557 -0.9818196 0.4056301 -0.3028475 -0.9850532 0.03663385 0.82937694 0.7988862 0.5635413 0.73357666 -0.77368844 0.82917 0.11967802 -0.54370916 -0.43978047 -0.056097507 0.5954343 -0.6601341 0.17090952 -0.41526985 0.054288983 -0.1351049 0.4705218 0.75222695 -0.07573831 -0.7383795
-0.23819935 0.9526248 0.7589989 -0.4765544 0.53262067 0.72451603 -0.96328795 -0.80091107 0.19067132 -0.07934797 -0.29178214 0.12501347 0.14350557 -0.9818196 0.4056301 -0.3028475 -0.9850532 0.03663385 0.82937694 0.7988862 0.5635413 0.73357666 -0.93884397 0.82917 0.11967802 -0.54370916 -0.43978047 -0.056097507 0.5954343 -0.6601341 0.17090952 -0.41526985 0.054288983 -0.1351049 0.4705218 0.75222695 -0.07573831 -0.7383795
-0.23819935 0.9526248 0.7589989 -0.4765544 0.53262067 0.72451603 0.30962813 -0.80091107 0.19067132 -0.07934797 -0.29178214 0.12501347 0.14350557 -0.9818196 0.4056301 -0.3028475 -0.9850532 0.03663385 0.82937694 0.7988862 0.5635413 0.73357666 -0.77368844 0.82917 0.11967802 -0.54370916 -0.43978047 -0.056097507 0.5954343 -0.6601341 0.17090952 -0.41526985 0.054288983 -0.1351049 0.4705218 0.75222695 -0.07573831 -0.7383795
-0.23819935 0.9526248 0.7589989 0.051840544 0.53262067 0.72451603 0.30962813 -0.80091107 0.19067132 -0.07934797 -0.29178214 -0.32552266 0.14350557 -0.9818196 0.4056301 0.74596107 -0.9850532 -0.46729589 0.82937694 -0.41772354 0.5635413 0.73357666 -0.9068997 0.82917 0.11967802 -0.54370916 -0.43978047 -0.056097507 0.5954343 -0.6601341 0.17090952 -0.41526985 0.054288983 -0.1351049 0.4705218 0.5914773 -0.07573831 -0.7383795
-0.23819935 0.9526248 0.7589989 -0.4765544 0.53262067 0.72451603 0.30962813 -0.80091107 0.81205165 -0.07934797 -0.29178214 0.12501347 0.14350557 -0.9818196 0.4056301 -0.91357243 -0.93251395 0.03663385 0.82937694 0.7988862 0.5635413 0.73357666 -0.77368844 0.82917 0.11967802 -0.54370916 -0.43978047 -0.056097507 0.5954343 -0.6601341 0.17090952 -0.41526985 0.054288983 -0.1351049 0.4705218 0.75222695 -0.07573831 0.01223135
-0.23819935 0.9526248 0.7589989 -0.4765544 0.53262067 0.72451603 0.30962813 -0.80091107 0.19067132 -0.07934797 -0.29178214 0.12501347 0.14350557 0.24754703 0.4056301 -0.3028475 -0.9850532 0.03663385 0.82937694 0.7988862 0.5635413 0.73357666 -0.77368844 0.82917 0.11967802 -0.54370916 0.81917846 -0.056097507 0.5954343 -0.6601341 0.17090952 -0.41526985 0.054288983 -0.1351049 0.4705218 0.75222695 -0.07573831 -0.7383795
-0.23819935 0.9526248 0.7589989 -0.4765544 0.53262067 0.72451603 0.30962813 -0.80091107 0.19067132 -0.07934797 -0.29178214 0.12501347 0.14350557 -0.9818196 0.4056301 -0.3028475 -0.9850532 0.03663385 0.82937694 0.7988862 0.5635413 0.73357666 -0.9068997 0.82917 0.11967802 -0.54370916 -0.43978047 -0.056097507 0.12140632 -0.6601341 0.17090952 -0.41526985 0.054288983 -0.1351049 0.4705218 0.75222695 -0.07573831 -0.7383795
-0.23819935 0.9526248 0.7589989 0.77145493 0.53262067 0.72451603 0.30962813 -0.80091107 0.19067132 -0.6975981 -0.29178214 0.12501347 0.14350557 -0.9818196 0.4056301 -0.91357243 -0.9850532 0.03663385 0.82937694 0.7988862 0.5635413 0.73357666 -0.77368844 0.82917 0.11967802 -0.54370916 0.81917846 -0.056097507 0.5954343 -0.6601341 0.17090952 -0.41526985 0.054288983 -0.1351049 0.4705218 0.75222695 -0.07573831 -0.8105489
-0.23819935 0.9526248 0.7589989 -0.4765544 0.53262067 0.72451603 0.30962813 -0.80091107 0.19067132 -0.07934797 -0.29178214 0.12501347 0.14350557 -0.9818196 0.4056301 -0.3028475 -0.9850532 0.03663385 0.82937694 0.7988862 0.5635413 0.73357666 -0.9068997 0.82917 0.11967802 -0.54370916 -0.43978047 -0.056097507 0.12140632 -0.6601341 0.17090952 -0.41526985 0.054288983 -0.1351049 0.4705218 0.75222695 -0.07573831 -0.7383795
-0.23819935 0.9526248 0.7589989 -0.4765544 0.53262067 0.72451603 0.30962813 -0.80091107 0.19067132 -0.07934797 -0.29178214 0.12501347 0.14350557 -0.9818196 0.4056301 -0.3028475 -0.9850532 0.03663385 0.82937694 0.7988862 0.5635413 0.73357666 -0.77368844 0.82917 0.11967802 -0.54370916 -0.43978047 -0.056097507 0.5954343 -0.6601341 0.17090952 -0.41526985 0.054288983 -0.1351049 0.4705218 0.75222695 -0.07573831 -0.7383795
-0.23819935 0.9526248 0.7589989 -0.4765544 0.53262067 0.72451603 0.30962813 -0.80091107 0.19067132 -0.07934797 -0.35299754 0.12501347 0.14350557 -0.9818196 0.4056301 -0.3028475 -0.9850532 0.03663385 0.82937694 0.7988862 0.5635413 0.73357666 -0.9068997 0.82917 0.11967802 -0.54370916 -0.43978047 -0.056097507 0.5954343 -0.6601341 0.17090952 -0.41526985 0.054288983 -0.1351049 0.4705218 0.75222695 -0.07573831 -0.7383795
-0.23819935 0.9526248 0.7589989 -0.4765544 0.53262067 0.72451603 0.30962813 -0.80091107 0.19067132 -0.07934797 -0.29178214 0.12501347 0.14350557 -0.9818196 0.4056301 -0.3028475 -0.9850532 0.03663385 0.82937694 0.7988862 0.5635413 0.73357666 -0.77368844 0.82917 0.11967802 -0.54370916 -0.43978047 -0.056097507 0.5954343 -0.6601341 0.17090952 -0.41526985 0.054288983 -0.1351049 0.4705218 0.75222695 -0.07573831 -0.7383795
