-0.60382533 -0.98213303 -0.26431417 0.104629755 0.92115724 0.018889308 0.4940766 -0.9384836 0.19095278 -0.9788104 -0.21618891 -0.5931884 0.2985946 0.7988473 -0.7982235 0.3408234 0.6818166 0.71733916 -0.59885705 -0.42944252 0.2400546 -0.030127287 -0.1656127 -0.09711003 0.51825094 -0.63502944 0.46287978 0.103978276 -0.77854395 -0.67670727 -0.021105528 -0.43179786 -0.2259103 -0.03918791 0.9821181 0.30496287 0.05695033 -0.047641277 0.7942896 0.7959275 -0.8028332 -0.1825676
0.18430018 -0.69204676 0.16129184 -0.36593866 0.94838226 0.45583987 0.65120757 -0.7823123 0.6761869 0.41904223 -0.89445317 -0.71533895 0.96466184 0.29133224 0.3495437 0.10834527 0.11195707 0.30087173 -0.9122231 0.01752925 0.44808197 0.2870443 0.56396306 0.94355035 0.6119441 0.04469514 -0.6766902 0.30249822 0.6365427 -0.1516447 0.33519745 -0.7805706 0.48809695 0.6194806 -0.24221909 -0.92447484 0.9956112 -0.032134175 0.38283026 -0.24096096 0.17222714 0.7752876
-0.60382533 -0.98213303 -0.26431417 0.104629755 0.92115724 0.018889308 0.4940766 -0.9384836 0.19095278 -0.9788104 -0.21618891 -0.5931884 0.2985946 0.7988473 -0.7982235 0.3408234 0.6818166 0.71733916 -0.59885705 -0.42944252 0.2400546 -0.030127287 -0.1656127 -0.09711003 0.51825094 -0.63502944 0.46287978 0.103978276 -0.77854395 -0.67670727 -0.021105528 -0.43179786 -0.2259103 -0.03918791 0.9821181 0.30496287 0.05695033 -0.047641277 0.7942896 0.7959275 -0.8028332 -0.1825676
-0.60382533 -0.98213303 -0.26431417 0.104629755 0.92115724 0.018889308 0.4940766 -0.9384836 0.19095278 -0.9788104 -0.21618891 -0.5931884 0.2985946 0.7988473 -0.7982235 0.3408234 0.6818166 0.71733916 -0.59885705 -0.42944252 0.2400546 -0.030127287 -0.1656127 -0.09711003 0.51825094 -0.63502944 0.46287978 0.103978276 -0.77854395 -0.67670727 -0.021105528 -0.43179786 -0.2259103 -0.03918791 0.9821181 0.30496287 0.05695033 -0.047641277 0.7942896 0.7959275 -0.8028332 -0.1825676
-0.60382533 -0.98213303 -0.26431417 0.104629755 0.92115724 0.018889308 0.4940766 -0.9384836 0.19095278 -0.9788104 -0.21618891 -0.5931884 0.2985946 0.7988473 -0.7982235 0.3408234 0.6818166 0.71733916 -0.59885705 -0.42944252 0.2400546 -0.030127287 -0.1656127 -0.09711003 0.51825094 -0.63502944 0.46287978 0.103978276 -0.77854395 -0.67670727 -0.021105528 -0.43179786 -0.2259103 -0.03918791 0.9821181 0.30496287 0.05695033 -0.047641277 0.7942896 0.7959275 -0.8028332 -0.1825676
-0.60382533 -0.98213303 -0.26431417 0.104629755 0.92115724 0.018889308 0.4940766 -0.9384836 0.19095278 -0.9788104 -0.21618891 -0.5931884 0.2985946 0.7988473 -0.7982235 0.3408234 0.6818166 0.71733916 -0.59885705 -0.42944252 0.2400546 -0.030127287 -0.1656127 -0.09711003 0.51825094 -0.63502944 0.46287978 0.103978276 -0.77854395 -0.67670727 -0.021105528 -0.43179786 -0.2259103 -0.03918791 0.9821181 0.30496287 0.05695033 -0.047641277 0.7942896 0.7959275 -0.8028332 -0.1825676
-0.60382533 -0.98213303 -0.26431417 0.104629755 0.92115724 0.018889308 0.4940766 -0.9384836 0.19095278 -0.9788104 -0.21618891 -0.5931884 0.2985946 0.7988473 -0.7982235 0.3408234 0.6818166 0.71733916 -0.59885705 -0.42944252 0.2400546 -0.030127287 -0.1656127 -0.09711003 0.51825094 -0.63502944 0.46287978 0.103978276 -0.77854395 -0.67670727 -0.021105528 -0.43179786 -0.2259103 -0.03918791 0.9821181 0.30496287 0.05695033 -0.047641277 0.7942896 0.7959275 -0.8028332 -0.1825676
-0.60382533 -0.98213303 -0.26431417 0.104629755 0.92115724 0.018889308 0.4940766 -0.9384836 0.19095278 -0.9788104 -0.21618891 -0.5931884 0.2985946 0.7988473 -0.7982235 0.3408234 0.6818166 0.71733916 -0.59885705 -0.42944252 0.2400546 -0.030127287 -0.1656127 -0.09711003 0.51825094 -0.63502944 0.46287978 0.103978276 -0.77854395 -0.67670727 -0.021105528 -0.43179786 -0.2259103 -0.03918791 0.9821181 0.30496287 0.05695033 -0.047641277 0.7942896 0.7959275 -0.8028332 -0.1825676
-0.15313697 -0.69204676 -0.8562714 -0.36593866 -0.32843435 0.45583987 -0.16868913 -0.7823123 -0.6825594 -0.16658998 -0.58984804 -0.71533895 -0.6174058 0.29133224 0.8853469 0.10834527 0.6405468 0.30087173 -0.16909611 0.01752925 -0.19882071 -0.9020941 -0.19303226 0.94355035 0.5010656 0.04469514 -0.9704913 0.30249822 0.55222344 -0.1516447 -0.33662868 -0.7805706 -0.11832452 0.6194806 0.43025935 -0.92447484 0.23419094 -0.072532296 0.5772444 -0.24096096 -0.017080069 0.7752876
-0.60382533 -0.98213303 -0.26431417 0.104629755 0.92115724 0.018889308 0.4940766 -0.9384836 0.19095278 -0.9788104 -0.21618891 -0.5931884 0.2985946 0.7988473 -0.7982235 0.3408234 0.6818166 0.71733916 -0.59885705 -0.42944252 0.2400546 -0.030127287 -0.1656127 -0.09711003 0.51825094 -0.63502944 0.46287978 0.103978276 -0.77854395 -0.67670727 -0.021105528 -0.43179786 -0.2259103 -0.03918791 0.9821181 0.30496287 0.05695033 -0.047641277 0.7942896 0.7959275 -0.8028332 -0.1825676
-0.60382533 -0.98213303 -0.26431417 0.104629755 0.92115724 0.018889308 0.4940766 -0.9384836 0.19095278 -0.9788104 -0.21618891 -0.5931884 0.2985946 0.7988473 -0.7982235 0.3408234 0.6818166 0.71733916 -0.59885705 -0.42944252 0.2400546 -0.030127287 -0.1656127 -0.09711003 0.51825094 -0.63502944 0.46287978 0.103978276 -0.77854395 -0.67670727 -0.021105528 -0.43179786 -0.2259103 -0.03918791 0.9821181 0.30496287 0.05695033 -0.047641277 0.7942896 0.7959275 -0.8028332 -0.1825676
0.571548 -0.33836257 -0.54967594 -0.027349353 -0.5598341 -0.9890455 -0.3882352 0.7213881 0.36262977 0.7062453 -0.10431862 -0.044358134 0.8938515 0.5622252 -0.9203788 -0.16842544 -0.68318546 -0.15752149 0.08439469 0.3564124 0.628672 0.44591165 0.82953715 -0.5443517 0.09226084 -0.35913718 0.35802615 -0.7706833 0.2917887 -0.1385194 0.018778563 -0.15479898 -0.8929863 -0.88354266 -0.12902534 -0.95813406 0.79816914 0.7705939 -0.339054 0.9192512 0.9058254 0.8625796
-0.60382533 -0.98213303 -0.26431417 0.104629755 0.92115724 0.018889308 0.4940766 -0.9384836 0.19095278 -0.9788104 -0.21618891 -0.5931884 0.2985946 0.7988473 -0.7982235 0.3408234 0.6818166 0.71733916 -0.59885705 -0.42944252 0.2400546 -0.030127287 -0.1656127 -0.09711003 0.51825094 -0.63502944 0.46287978 0.103978276 -0.77854395 -0.67670727 -0.021105528 -0.43179786 -0.2259103 -0.03918791 0.9821181 0.30496287 0.05695033 -0.047641277 0.7942896 0.7959275 -0.8028332 -0.1825676
0.571548 -0.33836257 -0.54967594 -0.027349353 -0.5598341 -0.9890455 -0.3882352 0.7213881 0.36262977 0.7062453 -0.10431862 -0.044358134 0.8938515 0.5622252 -0.9203788 -0.16842544 -0.68318546 -0.15752149 0.08439469 0.3564124 0.628672 0.44591165 0.82953715 -0.5443517 0.09226084 -0.35913718 0.35802615 -0.7706833 0.2917887 -0.1385194 0.018778563 -0.15479898 -0.8929863 -0.88354266 -0.12902534 -0.95813406 0.79816914 0.7705939 -0.339054 0.9192512 0.9058254 0.8625796
0.571548 -0.33836257 -0.54967594 -0.027349353 -0.5598341 -0.9890455 -0.3882352 0.7213881 0.36262977 0.7062453 -0.10431862 -0.044358134 0.8938515 0.5622252 -0.9203788 -0.16842544 -0.68318546 -0.15752149 0.08439469 0.3564124 0.628672 0.44591165 0.82953715 -0.5443517 0.09226084 -0.35913718 0.35802615 -0.7706833 0.2917887 -0.1385194 0.018778563 -0.15479898 -0.8929863 -0.88354266 -0.12902534 -0.95813406 0.79816914 0.7705939 -0.339054 0.9192512 0.9058254 0.8625796
0.571548 -0.33836257 -0.0011059046 -0.027349353 -0.5598341 -0.9890455 -0.3882352 0.7213881 0.36262977 0.7062453 -0.10431862 -0.044358134 0.8938515 0.5622252 -0.9203788 -0.16842544 -0.68318546 -0.15752149 0.08439469 0.3564124 0.628672 0.0658077 -0.45855677 -0.5443517 0.58627737 -0.35913718 0.35802615 -0.7706833 0.2917887 -0.1385194 0.018778563 -0.15479898 -0.8929863 -0.88354266 -0.12902534 -0.95813406 0.79816914 0.40024948 -0.339054 0.9192512 0.9058254 0.8625796
-0.15313697 -0.69204676 -0.8562714 -0.36593866 -0.32843435 0.45583987 -0.16868913 -0.7823123 -0.6825594 -0.16658998 -0.58984804 -0.71533895 -0.6174058 0.29133224 0.8853469 0.10834527 0.6405468 0.30087173 -0.16909611 0.01752925 -0.19882071 -0.9020941 -0.19303226 0.94355035 0.5010656 0.04469514 -0.9704913 0.30249822 0.55222344 -0.1516447 -0.33662868 -0.7805706 -0.11832452 0.6194806 0.43025935 -0.92447484 0.23419094 -0.072532296 0.5772444 -0.24096096 -0.017080069 0.7752876
-0.15313697 -0.69204676 -0.8562714 -0.36593866 -0.32843435 0.45583987 -0.16868913 -0.7823123 -0.6825594 -0.16658998 -0.58984804 -0.71533895 -0.6174058 0.29133224 0.8853469 0.10834527 0.6405468 0.30087173 -0.16909611 0.01752925 -0.19882071 -0.9020941 -0.19303226 0.94355035 0.5010656 0.04469514 -0.9704913 0.30249822 0.55222344 -0.1516447 -0.33662868 -0.7805706 -0.11832452 0.6194806 0.43025935 -0.92447484 0.23419094 -0.072532296 0.5772444 -0.24096096 -0.017080069 0.7752876
-0.15313697 -0.69204676 -0.8562714 -0.36593866 -0.32843435 0.45583987 -0.16868913 -0.7823123 -0.6825594 -0.16658998 -0.58984804 -0.71533895 -0.6174058 0.29133224 0.8853469 0.10834527 0.6405468 0.30087173 -0.16909611 0.01752925 -0.19882071 -0.9020941 -0.19303226 0.94355035 0.5010656 0.04469514 -0.9704913 0.30249822 0.55222344 -0.1516447 -0.33662868 -0.7805706 -0.11832452 0.6194806 0.43025935 -0.92447484 0.23419094 -0.072532296 0.5772444 -0.24096096 -0.017080069 0.7752876
-0.15313697 -0.69204676 -0.8562714 -0.36593866 -0.32843435 0.45583987 -0.16868913 -0.7823123 -0.6825594 -0.16658998 -0.58984804 -0.71533895 -0.6174058 0.29133224 0.8853469 0.10834527 0.6405468 0.30087173 -0.16909611 0.01752925 -0.19882071 -0.9020941 -0.19303226 0.94355035 0.5010656 0.04469514 -0.9704913 0.30249822 0.55222344 -0.1516447 -0.33662868 -0.7805706 -0.11832452 0.6194806 0.43025935 -0.92447484 0.23419094 -0.072532296 0.5772444 -0.24096096 -0.017080069 0.7752876
-0.15313697 -0.69204676 -0.8562714 -0.36593866 -0.32843435 0.45583987 -0.16868913 -0.7823123 -0.6825594 -0.16658998 -0.58984804 -0.71533895 -0.6174058 0.29133224 0.8853469 0.10834527 0.6405468 0.30087173 -0.16909611 0.01752925 -0.19882071 -0.9020941 -0.19303226 0.94355035 0.5010656 0.04469514 -0.9704913 0.30249822 0.55222344 -0.1516447 -0.33662868 -0.7805706 -0.11832452 0.6194806 0.43025935 -0.92447484 0.23419094 -0.072532296 0.5772444 -0.24096096 -0.017080069 0.7752876
-0.15313697 -0.69204676 -0.8562714 -0.36593866 -0.32843435 0.45583987 -0.16868913 -0.7823123 -0.6825594 -0.16658998 -0.58984804 -0.71533895 -0.6174058 0.29133224 0.8853469 0.10834527 0.6405468 0.30087173 -0.16909611 0.01752925 -0.19882071 -0.9020941 -0.19303226 0.94355035 0.5010656 0.04469514 -0.9704913 0.30249822 0.55222344 -0.1516447 -0.33662868 -0.7805706 -0.11832452 0.6194806 0.43025935 -0.92447484 0.23419094 -0.072532296 0.5772444 -0.24096096 -0.017080069 0.7752876
-0.15313697 -0.69204676 -0.8562714 -0.36593866 -0.32843435 0.45583987 -0.16868913 -0.7823123 -0.6825594 -0.16658998 -0.58984804 -0.71533895 -0.6174058 0.29133224 0.8853469 0.10834527 0.6405468 0.30087173 -0.16909611 0.01752925 -0.19882071 -0.9020941 -0.19303226 0.94355035 0.5010656 0.04469514 -0.9704913 0.30249822 0.55222344 -0.1516447 -0.33662868 -0.7805706 -0.11832452 0.6194806 0.43025935 -0.92447484 0.23419094 -0.072532296 0.5772444 -0.24096096 -0.017080069 0.7752876
-0.15313697 -0.69204676 -0.8562714 -0.36593866 -0.32843435 0.45583987 -0.16868913 -0.7823123 -0.6825594 -0.16658998 -0.58984804 -0.71533895 -0.6174058 0.29133224 0.8853469 0.10834527 0.6405468 0.30087173 -0.16909611 0.01752925 0.78735113 -0.9020941 -0.19303226 0.94355035 0.5010656 0.04469514 -0.9704913 0.30249822 0.55222344 -0.1516447 -0.33662868 -0.7805706 -0.11832452 0.6194806 0.43025935 -0.13630605 0.23419094 -0.072532296 0.5772444 -0.24096096 -0.017080069 0.7752876
-0.15313697 -0.69204676 -0.8562714 -0.36593866 -0.32843435 0.45583987 -0.16868913 -0.7823123 -0.6825594 -0.16658998 -0.58984804 -0.71533895 -0.6174058 0.29133224 0.8853469 0.10834527 0.6405468 0.30087173 -0.16909611 0.01752925 -0.19882071 -0.9020941 -0.19303226 0.94355035 0.5010656 0.04469514 -0.9704913 0.30249822 0.55222344 -0.1516447 -0.33662868 -0.7805706 -0.11832452 0.6194806 0.43025935 -0.92447484 0.23419094 -0.072532296 0.5772444 -0.24096096 -0.017080069 0.7752876
-0.15313697 -0.69204676 -0.8562714 -0.36593866 -0.32843435 0.45583987 -0.16868913 -0.7823123 -0.6825594 -0.16658998 -0.58984804 -0.71533895 -0.6174058 0.29133224 0.8853469 0.10834527 0.6405468 0.30087173 -0.16909611 0.01752925 0.78735113 -0.9020941 -0.19303226 0.42174625 0.5010656 0.04469514 -0.9704913 0.5746931 0.55222344 -0.1516447 -0.33662868 -0.7805706 -0.11832452 0.6194806 0.43025935 -0.92447484 0.23419094 -0.072532296 0.5772444 -0.24096096 -0.017080069 0.7752876
-0.15313697 -0.69204676 -0.8562714 -0.36593866 -0.32843435 0.45583987 -0.16868913 -0.7823123 -0.6825594 -0.16658998 -0.58984804 -0.71533895 -0.6174058 0.29133224 0.8853469 0.10834527 0.6405468 0.30087173 -0.16909611 0.01752925 -0.19882071 -0.9020941 -0.19303226 0.94355035 0.5010656 0.04469514 -0.9704913 0.30249822 0.55222344 -0.1516447 -0.33662868 -0.7805706 -0.11832452 0.6194806 0.43025935 -0.13630605 0.23419094 -0.072532296 0.5772444 -0.24096096 -0.017080069 0.7752876
-0.15313697 -0.69204676 -0.8562714 -0.36593866 -0.32843435 0.45583987 -0.16868913 -0.7823123 -0.6825594 -0.16658998 -0.58984804 -0.71533895 -0.6174058 0.29133224 0.8853469 0.10834527 0.6405468 0.30087173 -0.16909611 0.01752925 -0.19882071 -0.9020941 -0.19303226 0.94355035 0.5010656 0.04469514 -0.9704913 0.30249822 0.55222344 -0.1516447 -0.33662868 -0.7805706 -0.11832452 0.6194806 0.43025935 -0.92447484 0.23419094 -0.072532296 0.5772444 -0.24096096 -0.017080069 0.7752876
-0.15313697 0.83202326 -0.8562714 -0.36593866 -0.32843435 0.45583987 -0.16868913 -0.7823123 -0.6825594 0.2773733 0.02426362 -0.71533895 -0.6174058 0.29133224 0.8853469 0.10834527 0.6405468 0.30087173 -0.16909611 0.01752925 -0.19882071 -0.9020941 -0.19303226 0.94355035 0.5010656 0.04469514 -0.9704913 0.30249822 0.55222344 -0.1516447 -0.33662868 -0.7805706 -0.11832452 0.9734566 0.834036 0.62952304 0.23419094 -0.072532296 0.5772444 -0.24096096 -0.017080069 0.7752876
-0.15313697 -0.69204676 -0.8562714 -0.36593866 -0.32843435 0.45583987 -0.16868913 -0.7823123 -0.6825594 -0.16658998 -0.58984804 -0.71533895 -0.6174058 0.29133224 0.8853469 0.10834527 0.6405468 0.30087173 -0.16909611 0.01752925 -0.19882071 -0.9020941 -0.19303226 0.94355035 0.5010656 0.04469514 -0.9704913 0.30249822 0.55222344 -0.1516447 -0.33662868 -0.7805706 -0.11832452 0.6194806 0.43025935 -0.92447484 0.23419094 -0.072532296 0.5772444 -0.24096096 -0.017080069 0.7752876
-0.15313697 -0.69204676 -0.8562714 -0.36593866 -0.32843435 0.45583987 -0.16868913 -0.7823123 -0.6825594 -0.16658998 0.02426362 -0.71533895 -0.6174058 0.29133224 0.8853469 0.10834527 0.6405468 0.30087173 -0.16909611 0.01752925 -0.19882071 -0.9020941 -0.19303226 0.94355035 0.5010656 0.04469514 -0.9704913 0.30249822 0.55222344 -0.1516447 -0.33662868 -0.7805706 -0.11832452 0.6194806 0.834036 -0.92447484 0.23419094 -0.072532296 0.5772444 -0.24096096 -0.017080069 0.7752876
-0.15313697 -0.69204676 -0.8562714 -0.36593866 -0.32843435 0.45583987 -0.16868913 -0.7823123 -0.6825594 -0.16658998 -0.58984804 -0.71533895 -0.6174058 0.29133224 0.8853469 0.10834527 0.6405468 0.30087173 -0.16909611 0.01752925 -0.19882071 -0.9020941 -0.19303226 0.94355035 0.5010656 0.04469514 -0.9704913 0.30249822 0.55222344 -0.1516447 -0.33662868 -0.7805706 -0.11832452 0.6194806 0.43025935 -0.92447484 0.23419094 -0.072532296 0.5772444 -0.24096096 -0.017080069 0.7752876
-0.15313697 0.83202326 -0.8562714 -0.36593866 -0.32843435 0.45583987 -0.16868913 -0.7823123 -0.6825594 0.2773733 0.02426362 -0.71533895 -0.6174058 0.29133224 0.8853469 0.10834527 0.6405468 0.30087173 -0.16909611 0.01752925 -0.19882071 -0.9020941 -0.19303226 0.94355035 0.5010656 0.04469514 -0.9704913 0.30249822 0.55222344 -0.1516447 -0.33662868 -0.7805706 -0.11832452 0.9734566 0.834036 0.62952304 0.23419094 -0.072532296 0.5772444 -0.24096096 -0.017080069 0.7752876
-0.15313697 -0.69204676 -0.8562714 -0.36593866 -0.32843435 0.45583987 -0.16868913 -0.7823123 -0.6825594 -0.16658998 -0.58984804 -0.71533895 -0.6174058 0.29133224 0.8853469 0.10834527 0.6405468 0.30087173 -0.16909611 0.01752925 -0.19882071 -0.9020941 -0.19303226 0.94355035 0.5010656 0.04469514 -0.9704913 0.30249822 0.55222344 -0.1516447 -0.33662868 -0.7805706 -0.11832452 0.6194806 0.43025935 -0.92447484 0.23419094 -0.072532296 0.5772444 -0.24096096 -0.017080069 0.7752876
-0.15313697 -0.69204676 -0.8562714 -0.36593866 -0.32843435 0.45583987 -0.16868913 -0.7823123 -0.6825594 -0.16658998 -0.58984804 -0.71533895 -0.6174058 0.29133224 0.8853469 0.10834527 0.6405468 0.30087173 -0.16909611 0.01752925 -0.19882071 -0.9020941 -0.19303226 0.94355035 0.5010656 0.04469514 -0.9704913 0.30249822 0.55222344 -0.1516447 -0.33662868 -0.7805706 -0.11832452 0.6194806 0.43025935 -0.92447484 0.23419094 -0.072532296 0.5772444 -0.24096096 -0.017080069 0.7752876
-0.15313697 -0.69204676 -0.8562714 -0.36593866 -0.32843435 0.45583987 -0.16868913 -0.7823123 -0.6825594 -0.16658998 -0.58984804 -0.71533895 -0.6174058 0.29133224 0.8853469 0.10834527 0.6405468 0.30087173 -0.16909611 0.01752925 -0.19882071 -0.9020941 -0.19303226 0.94355035 0.5010656 0.04469514 -0.9704913 0.30249822 0.55222344 -0.1516447 -0.33662868 -0.7805706 -0.11832452 0.6194806 0.43025935 -0.92447484 0.23419094 -0.072532296 0.5772444 -0.24096096 -0.017080069 0.7752876
-0.15313697 -0.69204676 -0.8562714 -0.36593866 -0.32843435 0.45583987 -0.16868913 -0.7823123 -0.6825594 -0.16658998 -0.58984804 -0.71533895 -0.6174058 0.29133224 0.8853469 0.10834527 0.6405468 0.30087173 -0.16909611 0.01752925 -0.19882071 -0.9020941 -0.19303226 0.94355035 0.5010656 0.04469514 -0.9704913 0.30249822 0.55222344 -0.1516447 -0.33662868 -0.7805706 -0.11832452 0.6194806 0.43025935 -0.92447484 0.23419094 -0.072532296 0.5772444 -0.24096096 -0.017080069 0.7752876
-0.15313697 -0.69204676 -0.8562714 -0.36593866 -0.32843435 0.45583987 -0.16868913 -0.7823123 -0.6825594 -0.16658998 -0.58984804 -0.71533895 -0.6174058 0.29133224 0.8853469 0.10834527 0.6405468 0.30087173 -0.16909611 0.01752925 -0.19882071 -0.9020941 -0.19303226 0.94355035 0.5010656 0.04469514 -0.9704913 0.30249822 0.55222344 -0.1516447 -0.33662868 -0.7805706 -0.11832452 0.6194806 0.43025935 -0.92447484 0.23419094 -0.072532296 0.5772444 -0.24096096 -0.017080069 0.7752876
-0.15313697 -0.69204676 -0.8562714 -0.36593866 -0.32843435 0.45583987 -0.16868913 -0.7823123 -0.6825594 -0.16658998 -0.58984804 -0.71533895 -0.6174058 -0.5692102 0.8853469 0.10834527 0.6405468 0.30087173 -0.16909611 0.01752925 0.5130274 -0.9020941 -0.19303226 0.94355035 0.5010656 0.04469514 -0.96179926 0.30249822 0.55222344 -0.1516447 -0.20541525 -0.7805706 -0.11832452 0.6194806 0.43025935 -0.92447484 0.23419094 -0.072532296 0.5772444 -0.24096096 -0.017080069 0.7752876
-0.15313697 -0.69204676 -0.8562714 -0.36593866 -0.32843435 0.45583987 -0.16868913 -0.7823123 -0.6825594 -0.16658998 -0.58984804 -0.71533895 -0.6174058 0.29133224 0.8853469 0.10834527 0.6405468 0.30087173 -0.16909611 0.01752925 -0.19882071 -0.9020941 -0.19303226 0.94355035 0.5010656 0.04469514 -0.9704913 0.30249822 0.55222344 -0.1516447 -0.33662868 -0.7805706 -0.11832452 0.6194806 0.43025935 -0.92447484 0.23419094 -0.072532296 0.5772444 -0.24096096 -0.017080069 0.7752876
-0.15313697 -0.69204676 -0.8562714 -0.36593866 -0.32843435 0.45583987 -0.16868913 -0.7823123 -0.6825594 -0.16658998 -0.58984804 -0.71533895 -0.6174058 0.29133224 0.8853469 0.10834527 0.6405468 0.30087173 -0.16909611 0.01752925 -0.19882071 -0.9020941 -0.19303226 0.94355035 0.5010656 0.04469514 -0.9704913 0.30249822 0.55222344 -0.1516447 -0.33662868 -0.7805706 -0.11832452 0.6194806 0.43025935 -0.92447484 0.23419094 -0.072532296 0.5772444 -0.24096096 -0.017080069 0.7752876
-0.15313697 -0.69204676 -0.8562714 -0.36593866 -0.32843435 0.45583987 -0.16868913 -0.7823123 -0.6825594 -0.16658998 -0.58984804 -0.71533895 -0.6174058 -0.5692102 0.8853469 0.10834527 0.6405468 0.30087173 -0.16909611 0.01752925 -0.19882071 -0.9020941 -0.19303226 0.94355035 0.5010656 0.04469514 -0.9704913 0.30249822 0.55222344 -0.1516447 -0.33662868 -0.7805706 -0.11832452 0.6194806 0.43025935 -0.92447484 0.23419094 -0.072532296 0.5772444 -0.24096096 -0.017080069 0.7752876
-0.15313697 -0.69204676 -0.8562714 -0.36593866 -0.32843435 0.45583987 -0.16868913 -0.7823123 -0.6825594 -0.16658998 -0.58984804 -0.71533895 -0.6174058 0.29133224 0.8853469 0.10834527 0.6405468 0.30087173 -0.16909611 0.01752925 -0.19882071 -0.9020941 -0.19303226 0.94355035 0.5010656 0.04469514 -0.9704913 0.30249822 0.55222344 -0.1516447 -0.33662868 -0.7805706 -0.11832452 0.6194806 0.43025935 -0.92447484 0.23419094 -0.072532296 0.5772444 -0.24096096 -0.017080069 0.7752876
-0.15313697 -0.69204676 -0.8562714 -0.36593866 -0.32843435 0.45583987 -0.16868913 -0.7823123 -0.6825594 -0.16658998 -0.58984804 -0.71533895 -0.6174058 0.29133224 0.8853469 0.10834527 0.6405468 0.30087173 -0.16909611 0.01752925 -0.19882071 -0.9020941 -0.19303226 0.94355035 0.5010656 0.04469514 -0.9704913 0.30249822 0.55222344 -0.1516447 -0.33662868 -0.7805706 -0.11832452 0.6194806 0.43025935 -0.92447484 0.23419094 -0.072532296 0.5772444 -0.24096096 -0.017080069 0.7752876
-0.15313697 -0.69204676 -0.8562714 -0.36593866 -0.32843435 0.45583987 -0.16868913 -0.7823123 -0.6825594 -0.16658998 -0.58984804 -0.71533895 -0.6174058 0.29133224 0.8853469 0.10834527 0.6405468 0.30087173 -0.16909611 0.01752925 -0.19882071 -0.9020941 -0.19303226 0.94355035 0.5010656 0.04469514 -0.9704913 0.30249822 0.55222344 -0.1516447 -0.33662868 -0.7805706 -0.11832452 0.6194806 0.43025935 -0.92447484 0.23419094 -0.072532296 0.5772444 -0.24096096 -0.017080069 0.7752876
-0.15313697 -0.69204676 -0.8562714 -0.36593866 -0.32843435 0.45583987 -0.16868913 -0.7823123 -0.6825594 -0.16658998 -0.58984804 -0.71533895 -0.6174058 0.29133224 0.8853469 0.10834527 0.6405468 0.30087173 -0.16909611 0.01752925 -0.19882071 -0.9020941 -0.19303226 0.94355035 0.5010656 0.04469514 -0.9704913 0.30249822 0.55222344 -0.1516447 -0.33662868 -0.7805706 -0.11832452 0.6194806 0.43025935 -0.92447484 0.23419094 -0.072532296 0.5772444 -0.24096096 -0.017080069 0.7752876
-0.15313697 -0.69204676 -0.8562714 -0.36593866 -0.32843435 0.45583987 -0.16868913 -0.7823123 -0.6825594 -0.16658998 -0.58984804 -0.71533895 -0.6174058 0.29133224 0.8853469 0.10834527 0.6405468 0.30087173 -0.16909611 0.01752925 -0.19882071 -0.9020941 -0.19303226 0.94355035 0.5010656 0.04469514 -0.9704913 0.30249822 0.55222344 -0.1516447 -0.33662868 -0.7805706 -0.11832452 0.6194806 0.43025935 -0.92447484 0.23419094 -0.072532296 0.5772444 -0.24096096 -0.017080069 0.7752876
-0.15313697 -0.69204676 -0.8562714 -0.36593866 -0.32843435 0.45583987 -0.16868913 -0.7823123 -0.6825594 -0.16658998 -0.58984804 -0.71533895 -0.6174058 0.29133224 0.8853469 0.10834527 0.6405468 0.30087173 -0.16909611 0.01752925 -0.19882071 -0.9020941 -0.19303226 0.94355035 0.5010656 0.04469514 -0.9704913 0.30249822 0.55222344 -0.1516447 -0.33662868 -0.7805706 -0.11832452 0.6194806 0.43025935 -0.92447484 0.23419094 -0.072532296 0.5772444 -0.24096096 -0.017080069 0.7752876
-0.15313697 -0.69204676 -0.8562714 -0.36593866 -0.32843435 0.45583987 -0.16868913 -0.7823123 -0.6825594 -0.16658998 -0.58984804 -0.71533895 -0.6174058 0.29133224 0.8853469 0.10834527 0.6405468 0.30087173 -0.16909611 0.01752925 -0.19882071 -0.9020941 -0.19303226 0.94355035 0.5010656 0.04469514 -0.9704913 0.30249822 0.55222344 -0.1516447 -0.33662868 -0.7805706 -0.11832452 0.6194806 0.43025935 -0.92447484 0.23419094 -0.072532296 0.5772444 -0.24096096 -0.017080069 0.7752876
-0.15313697 -0.69204676 -0.8562714 -0.36593866 -0.32843435 0.45583987 -0.16868913 -0.7823123 -0.6825594 -0.16658998 -0.58984804 -0.71533895 -0.6174058 0.29133224 0.8853469 0.10834527 0.6405468 0.30087173 -0.16909611 0.01752925 -0.19882071 -0.9020941 -0.19303226 0.94355035 0.5010656 0.04469514 -0.9704913 0.30249822 0.55222344 -0.1516447 -0.33662868 -0.7805706 -0.11832452 0.6194806 0.43025935 -0.92447484 0.23419094 -0.072532296 0.5772444 -0.24096096 -0.017080069 0.7752876
-0.15313697 -0.69204676 -0.8562714 -0.36593866 -0.32843435 0.45583987 -0.16868913 -0.7823123 -0.6825594 -0.16658998 -0.58984804 -0.71533895 -0.6174058 0.29133224 0.8853469 0.10834527 0.6405468 0.30087173 -0.16909611 0.01752925 -0.19882071 -0.9020941 -0.19303226 0.94355035 0.5010656 0.04469514 -0.9704913 0.30249822 0.55222344 -0.1516447 -0.33662868 -0.7805706 -0.11832452 0.6194806 0.43025935 -0.92447484 0.23419094 -0.072532296 0.5772444 -0.24096096 -0.017080069 0.7752876
-0.15313697 -0.69204676 -0.8562714 -0.36593866 -0.32843435 0.45583987 -0.16868913 -0.7823123 -0.6825594 -0.16658998 -0.58984804 -0.71533895 -0.6174058 0.29133224 0.8853469 0.10834527 0.6405468 0.30087173 -0.16909611 0.01752925 -0.19882071 -0.9020941 -0.19303226 0.94355035 0.5010656 0.04469514 -0.9704913 0.30249822 0.55222344 -0.1516447 -0.33662868 -0.7805706 -0.11832452 0.6194806 0.43025935 -0.92447484 0.23419094 -0.072532296 0.5772444 -0.24096096 -0.017080069 0.7752876
-0.15313697 -0.69204676 -0.8562714 -0.36593866 -0.32843435 0.45583987 -0.16868913 -0.7823123 -0.6825594 -0.16658998 -0.58984804 -0.71533895 -0.6174058 0.29133224 0.8853469 0.10834527 0.6405468 0.30087173 -0.16909611 0.01752925 -0.19882071 -0.9020941 -0.19303226 0.94355035 0.5010656 0.04469514 -0.9704913 0.30249822 0.55222344 -0.1516447 -0.33662868 -0.7805706 -0.11832452 0.6194806 0.43025935 -0.92447484 0.23419094 -0.072532296 0.5772444 -0.24096096 -0.017080069 0.7752876
-0.15313697 -0.69204676 -0.8562714 -0.36593866 -0.32843435 0.45583987 -0.16868913 -0.7823123 -0.6825594 -0.16658998 -0.58984804 -0.71533895 -0.6174058 0.29133224 0.8853469 0.10834527 0.6405468 0.30087173 -0.16909611 0.01752925 -0.19882071 -0.9020941 -0.19303226 0.94355035 0.5010656 0.04469514 -0.9704913 0.30249822 0.55222344 -0.1516447 -0.33662868 -0.7805706 -0.11832452 0.6194806 0.43025935 -0.92447484 0.23419094 -0.072532296 0.5772444 -0.24096096 -0.017080069 0.7752876
-0.15313697 -0.69204676 -0.8562714 -0.36593866 -0.32843435 0.45583987 -0.16868913 -0.7823123 -0.6825594 -0.16658998 -0.58984804 -0.71533895 -0.6174058 0.29133224 0.8853469 0.10834527 0.6405468 0.30087173 -0.16909611 0.01752925 -0.19882071 -0.9020941 -0.19303226 0.94355035 0.5010656 0.04469514 -0.9704913 0.30249822 0.55222344 -0.1516447 -0.33662868 -0.7805706 -0.11832452 0.6194806 0.43025935 -0.92447484 0.23419094 -0.072532296 0.5772444 -0.24096096 -0.017080069 0.7752876
-0.15313697 -0.69204676 -0.8562714 -0.36593866 -0.32843435 0.45583987 -0.16868913 -0.7823123 -0.6825594 -0.16658998 -0.58984804 -0.71533895 -0.6174058 0.29133224 0.8853469 0.10834527 0.6405468 0.30087173 -0.16909611 0.01752925 -0.19882071 -0.9020941 -0.19303226 0.94355035 0.5010656 0.04469514 -0.9704913 0.30249822 0.55222344 -0.1516447 -0.33662868 -0.7805706 -0.11832452 0.6194806 0.43025935 -0.92447484 0.23419094 -0.072532296 0.5772444 -0.24096096 -0.017080069 0.7752876
-0.15313697 -0.69204676 -0.8562714 -0.36593866 -0.32843435 0.45583987 -0.16868913 -0.7823123 0.85636806 -0.16658998 -0.58984804 0.61234534 -0.6174058 0.29133224 0.8853469 0.10834527 0.6405468 0.30087173 -0.16909611 0.01752925 -0.19882071 -0.9020941 -0.19303226 0.94355035 0.5010656 0.04469514 -0.9704913 0.30249822 0.55222344 -0.1516447 -0.33662868 -0.7805706 -0.11832452 0.6194806 0.43025935 -0.92447484 0.23419094 -0.072532296 0.5772444 -0.24096096 -0.017080069 0.7752876
-0.15313697 -0.69204676 -0.8562714 -0.36593866 -0.32843435 0.45583987 -0.16868913 -0.7823123 -0.6825594 -0.16658998 -0.58984804 -0.71533895 -0.6174058 0.29133224 0.8853469 0.10834527 0.6405468 0.30087173 -0.16909611 0.01752925 -0.19882071 -0.9020941 -0.19303226 0.94355035 0.5010656 0.04469514 -0.9704913 0.30249822 0.55222344 -0.1516447 -0.33662868 -0.7805706 -0.11832452 0.6194806 0.43025935 -0.92447484 0.23419094 -0.072532296 0.5772444 -0.24096096 -0.017080069 0.7752876
-0.15313697 -0.69204676 -0.8562714 -0.36593866 -0.32843435 0.45583987 -0.16868913 -0.7823123 0.85636806 -0.16658998 -0.58984804 0.61234534 -0.6174058 0.29133224 0.8853469 0.10834527 0.6405468 0.30087173 -0.16909611 0.01752925 -0.19882071 -0.9020941 -0.19303226 0.94355035 0.5010656 0.04469514 -0.9704913 0.30249822 0.55222344 -0.1516447 -0.33662868 -0.7805706 -0.11832452 0.6194806 0.43025935 -0.92447484 0.23419094 -0.072532296 0.5772444 -0.24096096 -0.017080069 0.7752876
-0.15313697 -0.69204676 -0.8562714 -0.36593866 -0.32843435 0.45583987 -0.16868913 -0.7823123 0.85636806 -0.16658998 -0.58984804 -0.71533895 -0.6174058 0.29133224 0.8853469 0.10834527 0.6405468 0.30087173 -0.16909611 0.01752925 -0.19882071 -0.9020941 -0.19303226 0.94355035 0.5010656 0.04469514 -0.9704913 0.30249822 0.55222344 -0.1516447 -0.33662868 -0.7805706 -0.11832452 0.6194806 0.43025935 -0.92447484 0.23419094 -0.072532296 0.5772444 -0.24096096 -0.017080069 0.7752876
-0.15313697 -0.69204676 -0.8562714 -0.36593866 -0.32843435 0.45583987 -0.16868913 -0.7823123 0.85636806 -0.16658998 -0.58984804 -0.71533895 -0.6174058 0.29133224 0.8853469 0.10834527 0.6405468 0.30087173 -0.16909611 0.01752925 -0.19882071 -0.9020941 -0.19303226 0.94355035 0.5010656 0.04469514 -0.9704913 0.30249822 0.55222344 -0.1516447 -0.33662868 -0.7805706 -0.11832452 0.6194806 0.43025935 -0.92447484 0.23419094 -0.072532296 0.5772444 -0.24096096 -0.017080069 0.7752876
-0.15313697 -0.69204676 -0.8562714 -0.36593866 -0.32843435 0.45583987 -0.16868913 -0.7823123 0.85636806 -0.16658998 -0.58984804 -0.71533895 -0.6174058 0.29133224 0.8853469 0.10834527 0.6405468 0.30087173 -0.16909611 0.01752925 -0.19882071 -0.9020941 -0.19303226 0.94355035 0.5010656 0.04469514 -0.9704913 0.30249822 0.55222344 -0.1516447 -0.33662868 -0.7805706 -0.11832452 0.6194806 0.43025935 -0.92447484 0.23419094 -0.072532296 0.5772444 -0.24096096 -0.017080069 0.7752876
-0.15313697 -0.69204676 -0.8562714 -0.36593866 -0.32843435 0.45583987 -0.16868913 -0.7823123 0.85636806 -0.16658998 -0.58984804 -0.71533895 -0.6174058 0.29133224 0.8853469 0.10834527 0.6405468 0.30087173 -0.16909611 0.01752925 -0.19882071 -0.9020941 -0.19303226 0.94355035 0.5010656 0.04469514 -0.9704913 0.30249822 0.55222344 -0.1516447 -0.33662868 -0.7805706 -0.11832452 0.6194806 0.43025935 -0.92447484 0.23419094 -0.072532296 0.5772444 -0.24096096 -0.017080069 0.7752876
-0.15313697 -0.69204676 -0.8562714 -0.36593866 -0.32843435 0.45583987 -0.16868913 -0.7823123 0.85636806 -0.16658998 -0.58984804 -0.71533895 -0.6174058 0.29133224 0.8853469 0.10834527 0.6405468 0.30087173 -0.16909611 0.01752925 -0.19882071 -0.9020941 -0.19303226 0.94355035 0.5010656 0.04469514 -0.9704913 0.30249822 0.55222344 -0.1516447 -0.33662868 -0.7805706 -0.11832452 0.6194806 0.43025935 -0.92447484 0.23419094 -0.072532296 0.5772444 -0.24096096 -0.017080069 0.7752876
-0.15313697 -0.69204676 -0.8562714 -0.36593866 -0.32843435 0.45583987 -0.16868913 -0.7823123 0.85636806 -0.16658998 -0.58984804 -0.71533895 -0.6174058 0.29133224 0.8853469 0.10834527 0.6405468 0.30087173 -0.16909611 0.01752925 -0.19882071 -0.9020941 -0.19303226 0.94355035 0.5010656 0.04469514 -0.9704913 0.30249822 0.55222344 -0.1516447 -0.33662868 -0.7805706 -0.11832452 0.6194806 0.43025935 -0.92447484 0.23419094 -0.072532296 0.5772444 -0.24096096 -0.017080069 0.7752876
-0.15313697 -0.69204676 -0.8562714 -0.36593866 -0.32843435 0.45583987 -0.16868913 -0.7823123 0.85636806 -0.16658998 -0.58984804 -0.71533895 -0.6174058 0.29133224 0.8853469 0.10834527 0.6405468 0.30087173 -0.16909611 0.01752925 -0.19882071 -0.9020941 -0.19303226 0.94355035 0.5010656 0.04469514 -0.9704913 0.30249822 0.55222344 -0.1516447 -0.33662868 -0.7805706 -0.11832452 0.6194806 0.43025935 -0.92447484 0.23419094 -0.072532296 0.5772444 -0.24096096 -0.017080069 0.7752876
-0.15313697 -0.69204676 -0.8562714 -0.36593866 -0.32843435 0.45583987 -0.16868913 -0.7823123 0.85636806 -0.16658998 -0.58984804 -0.71533895 -0.6174058 0.29133224 0.8853469 0.10834527 0.6405468 0.30087173 -0.16909611 0.01752925 -0.19882071 -0.9020941 -0.19303226 0.94355035 0.5010656 0.04469514 -0.9704913 0.30249822 0.55222344 -0.1516447 -0.33662868 -0.7805706 -0.11832452 0.6194806 0.43025935 -0.92447484 0.23419094 -0.072532296 0.5772444 -0.24096096 -0.017080069 0.7752876
-0.15313697 -0.69204676 -0.8562714 -0.36593866 -0.32843435 0.45583987 -0.16868913 -0.7823123 0.85636806 -0.16658998 -0.58984804 -0.71533895 -0.6174058 0.29133224 0.8853469 0.10834527 0.6405468 0.30087173 -0.16909611 0.01752925 -0.19882071 -0.9020941 -0.19303226 0.94355035 0.5010656 0.04469514 -0.9704913 0.30249822 0.55222344 -0.1516447 -0.33662868 -0.7805706 -0.11832452 0.6194806 0.43025935 -0.92447484 0.23419094 -0.072532296 0.5772444 -0.24096096 -0.017080069 0.7752876
-0.15313697 -0.69204676 -0.8562714 -0.36593866 -0.32843435 0.45583987 -0.16868913 -0.7823123 0.85636806 -0.16658998 -0.58984804 -0.71533895 -0.6174058 0.29133224 0.8853469 0.10834527 0.6405468 0.30087173 -0.16909611 0.01752925 -0.19882071 -0.9020941 -0.19303226 0.94355035 0.5010656 0.04469514 -0.9704913 0.30249822 0.55222344 -0.1516447 -0.33662868 -0.7805706 -0.11832452 0.6194806 0.43025935 -0.92447484 0.23419094 -0.072532296 0.5772444 -0.24096096 -0.017080069 0.7752876
-0.15313697 -0.69204676 -0.8562714 -0.36593866 -0.32843435 0.45583987 -0.16868913 -0.7823123 0.85636806 -0.16658998 -0.58984804 -0.71533895 -0.6174058 0.29133224 0.8853469 0.10834527 0.6405468 0.30087173 -0.16909611 0.01752925 -0.19882071 -0.9020941 -0.19303226 0.94355035 0.5010656 0.04469514 -0.9704913 0.30249822 0.55222344 -0.1516447 -0.33662868 -0.7805706 -0.11832452 0.6194806 0.43025935 -0.92447484 0.23419094 -0.072532296 0.5772444 -0.24096096 -0.017080069 0.7752876
-0.15313697 -0.69204676 -0.8562714 -0.36593866 -0.32843435 0.45583987 -0.16868913 -0.7823123 0.85636806 -0.16658998 -0.58984804 -0.71533895 -0.6174058 0.29133224 0.8853469 0.10834527 0.6405468 0.30087173 -0.16909611 0.01752925 -0.19882071 -0.9020941 -0.19303226 0.94355035 0.5010656 0.04469514 -0.9704913 0.30249822 0.55222344 -0.1516447 -0.33662868 -0.7805706 -0.11832452 0.6194806 0.43025935 -0.92447484 0.23419094 -0.072532296 0.5772444 -0.24096096 -0.017080069 0.7752876
-0.15313697 -0.69204676 -0.8562714 -0.36593866 -0.32843435 0.45583987 -0.16868913 -0.7823123 0.85636806 -0.16658998 -0.58984804 -0.71533895 -0.6174058 0.29133224 0.8853469 0.10834527 0.6405468 0.30087173 -0.16909611 0.01752925 -0.19882071 -0.9020941 -0.19303226 0.94355035 0.5010656 0.04469514 -0.9704913 0.30249822 0.55222344 -0.1516447 -0.33662868 -0.7805706 -0.11832452 0.6194806 0.43025935 -0.92447484 0.23419094 -0.072532296 0.5772444 -0.24096096 -0.017080069 0.7752876
-0.15313697 -0.69204676 -0.8562714 -0.36593866 -0.32843435 0.45583987 -0.16868913 -0.7823123 0.85636806 -0.16658998 -0.58984804 -0.71533895 -0.6174058 0.29133224 0.8853469 0.10834527 0.6405468 0.30087173 -0.16909611 0.01752925 -0.19882071 -0.9020941 -0.19303226 0.94355035 0.5010656 0.04469514 -0.9704913 0.30249822 0.55222344 -0.1516447 -0.33662868 -0.7805706 -0.11832452 0.6194806 0.43025935 -0.92447484 0.23419094 -0.072532296 0.5772444 -0.24096096 -0.017080069 0.7752876
-0.15313697 -0.69204676 -0.8562714 -0.36593866 -0.32843435 0.45583987 -0.16868913 -0.7823123 0.85636806 -0.16658998 -0.58984804 -0.71533895 -0.6174058 0.29133224 0.8853469 0.10834527 0.6405468 0.30087173 -0.16909611 0.01752925 -0.19882071 -0.9020941 -0.19303226 0.94355035 0.5010656 0.04469514 -0.9704913 0.30249822 0.55222344 -0.1516447 -0.33662868 -0.7805706 -0.11832452 0.6194806 0.43025935 -0.92447484 0.23419094 -0.072532296 0.5772444 -0.24096096 -0.017080069 0.7752876
-0.15313697 -0.69204676 -0.8562714 -0.36593866 -0.32843435 0.45583987 -0.16868913 -0.7823123 0.85636806 -0.16658998 -0.58984804 -0.71533895 -0.6174058 0.29133224 0.8853469 0.10834527 0.6405468 0.30087173 -0.16909611 0.01752925 -0.19882071 -0.9020941 -0.19303226 0.94355035 0.5010656 0.04469514 -0.9704913 0.30249822 0.55222344 -0.1516447 -0.33662868 -0.7805706 -0.11832452 0.6194806 0.43025935 -0.92447484 0.23419094 -0.072532296 0.5772444 -0.24096096 -0.017080069 0.7752876
-0.15313697 -0.69204676 -0.8562714 -0.36593866 -0.32843435 0.45583987 -0.16868913 -0.7823123 0.85636806 -0.16658998 -0.58984804 -0.71533895 -0.6174058 0.29133224 0.8853469 0.10834527 0.6405468 0.30087173 -0.16909611 0.01752925 -0.19882071 -0.9020941 -0.19303226 0.94355035 0.5010656 0.04469514 -0.9704913 0.30249822 0.55222344 -0.1516447 -0.33662868 -0.7805706 -0.11832452 0.6194806 0.43025935 -0.92447484 0.23419094 -0.072532296 0.5772444 -0.24096096 -0.017080069 0.7752876
-0.15313697 -0.69204676 -0.8562714 -0.36593866 -0.32843435 0.45583987 -0.16868913 -0.7823123 0.85636806 -0.16658998 -0.58984804 -0.71533895 -0.6174058 0.29133224 0.8853469 0.10834527 0.6405468 0.30087173 -0.16909611 0.01752925 -0.19882071 -0.9020941 -0.19303226 0.94355035 0.5010656 0.04469514 -0.9704913 0.30249822 0.55222344 -0.1516447 -0.33662868 -0.7805706 -0.11832452 0.6194806 0.43025935 -0.92447484 0.23419094 -0.072532296 0.5772444 -0.24096096 -0.017080069 0.7752876
-0.15313697 -0.69204676 -0.8562714 -0.36593866 -0.32843435 0.45583987 -0.16868913 -0.7823123 0.85636806 -0.16658998 -0.58984804 -0.71533895 -0.6174058 0.29133224 0.8853469 0.10834527 0.6405468 0.30087173 -0.16909611 0.01752925 -0.19882071 -0.9020941 -0.19303226 0.94355035 0.5010656 0.04469514 -0.9704913 0.30249822 0.55222344 -0.1516447 -0.33662868 -0.7805706 -0.11832452 0.6194806 0.43025935 -0.92447484 0.23419094 -0.072532296 0.5772444 -0.24096096 -0.017080069 0.7752876
-0.15313697 -0.69204676 -0.8562714 -0.36593866 -0.32843435 0.45583987 -0.16868913 -0.7823123 0.85636806 -0.16658998 -0.58984804 -0.71533895 -0.6174058 0.29133224 0.8853469 0.10834527 0.6405468 0.30087173 -0.16909611 0.01752925 -0.19882071 -0.9020941 -0.19303226 0.94355035 0.5010656 0.04469514 -0.9704913 0.30249822 0.55222344 -0.1516447 -0.33662868 -0.7805706 -0.11832452 0.6194806 0.43025935 -0.92447484 0.23419094 -0.072532296 0.5772444 -0.24096096 -0.017080069 0.7752876
-0.15313697 -0.69204676 -0.8562714 -0.36593866 -0.32843435 0.45583987 -0.16868913 -0.7823123 0.85636806 -0.16658998 -0.58984804 -0.71533895 -0.6174058 0.29133224 0.8853469 0.10834527 0.6405468 0.30087173 -0.16909611 0.01752925 -0.19882071 -0.9020941 -0.19303226 0.94355035 0.5010656 0.04469514 -0.9704913 0.30249822 0.55222344 -0.1516447 -0.33662868 -0.7805706 -0.11832452 0.6194806 0.43025935 -0.92447484 0.23419094 -0.072532296 0.5772444 -0.24096096 -0.017080069 0.7752876
-0.15313697 -0.69204676 -0.8562714 -0.36593866 -0.32843435 0.45583987 -0.16868913 -0.7823123 0.85636806 -0.16658998 -0.58984804 -0.71533895 -0.6174058 0.29133224 0.8853469 0.10834527 0.6405468 0.30087173 -0.16909611 0.01752925 -0.19882071 -0.9020941 -0.19303226 0.94355035 0.5010656 0.04469514 -0.9704913 0.30249822 0.55222344 -0.1516447 -0.33662868 -0.7805706 -0.11832452 0.6194806 0.43025935 -0.92447484 0.23419094 -0.072532296 0.5772444 -0.24096096 -0.017080069 0.7752876
-0.15313697 -0.69204676 -0.8562714 -0.36593866 -0.32843435 0.45583987 -0.16868913 -0.7823123 0.85636806 -0.16658998 -0.58984804 -0.71533895 -0.6174058 0.29133224 0.8853469 0.10834527 0.6405468 0.30087173 -0.16909611 0.01752925 -0.19882071 -0.9020941 -0.19303226 0.94355035 0.5010656 0.04469514 -0.9704913 0.30249822 0.55222344 -0.1516447 -0.33662868 -0.7805706 -0.11832452 0.6194806 0.43025935 -0.92447484 0.23419094 -0.072532296 0.5772444 -0.24096096 -0.017080069 0.7752876
-0.15313697 -0.69204676 -0.8562714 -0.36593866 -0.32843435 0.45583987 -0.16868913 -0.7823123 0.85636806 -0.16658998 -0.58984804 -0.71533895 -0.6174058 0.29133224 0.8853469 0.10834527 0.6405468 0.30087173 -0.16909611 0.01752925 -0.19882071 -0.9020941 -0.19303226 0.94355035 0.5010656 0.04469514 -0.9704913 0.30249822 0.55222344 -0.1516447 -0.33662868 -0.7805706 -0.11832452 0.6194806 0.43025935 -0.92447484 0.23419094 -0.072532296 0.5772444 -0.24096096 -0.017080069 0.7752876
-0.15313697 -0.69204676 -0.8562714 -0.36593866 -0.32843435 0.45583987 -0.16868913 -0.7823123 0.85636806 -0.16658998 -0.58984804 -0.71533895 -0.6174058 0.29133224 0.8853469 0.10834527 0.6405468 0.30087173 -0.16909611 0.01752925 -0.19882071 -0.9020941 -0.19303226 0.94355035 0.5010656 0.04469514 -0.9704913 0.30249822 0.55222344 -0.1516447 -0.33662868 -0.7805706 -0.11832452 0.6194806 0.43025935 -0.92447484 0.23419094 -0.072532296 0.5772444 -0.24096096 -0.017080069 0.7752876
-0.15313697 -0.69204676 -0.8562714 -0.36593866 -0.32843435 0.45583987 -0.16868913 -0.7823123 0.85636806 -0.16658998 -0.58984804 -0.71533895 -0.6174058 0.29133224 0.8853469 0.10834527 0.6405468 0.30087173 -0.16909611 0.01752925 -0.19882071 -0.9020941 -0.19303226 0.94355035 0.5010656 0.04469514 -0.9704913 0.30249822 0.55222344 -0.1516447 -0.33662868 -0.7805706 -0.11832452 0.6194806 0.43025935 -0.92447484 0.23419094 -0.072532296 0.5772444 -0.24096096 -0.017080069 0.7752876
-0.15313697 -0.69204676 -0.8562714 -0.36593866 -0.32843435 0.45583987 -0.16868913 -0.7823123 0.85636806 -0.16658998 -0.58984804 -0.71533895 -0.6174058 0.29133224 0.8853469 0.10834527 0.6405468 0.30087173 -0.16909611 0.01752925 -0.19882071 -0.9020941 -0.19303226 0.94355035 0.5010656 0.04469514 -0.9704913 0.30249822 0.55222344 -0.1516447 -0.33662868 -0.7805706 -0.11832452 0.6194806 0.43025935 -0.92447484 0.23419094 -0.072532296 0.5772444 -0.24096096 -0.017080069 0.7752876
-0.15313697 -0.69204676 -0.8562714 -0.36593866 -0.32843435 0.45583987 -0.16868913 -0.7823123 0.85636806 -0.16658998 -0.58984804 -0.71533895 -0.6174058 0.29133224 0.8853469 0.10834527 0.6405468 0.30087173 -0.16909611 0.01752925 -0.19882071 -0.9020941 -0.19303226 0.94355035 0.5010656 0.04469514 -0.9704913 0.30249822 0.55222344 -0.1516447 -0.33662868 -0.7805706 -0.11832452 0.6194806 0.43025935 -0.92447484 0.23419094 -0.072532296 0.5772444 -0.24096096 -0.017080069 0.7752876
-0.15313697 -0.69204676 -0.8562714 -0.36593866 -0.32843435 0.45583987 -0.16868913 -0.7823123 0.85636806 -0.16658998 -0.58984804 -0.71533895 -0.6174058 0.29133224 0.8853469 0.10834527 0.6405468 0.30087173 -0.16909611 0.01752925 -0.19882071 -0.9020941 -0.19303226 0.94355035 0.5010656 0.04469514 -0.9704913 0.30249822 0.55222344 -0.1516447 -0.33662868 -0.7805706 -0.11832452 0.6194806 0.43025935 -0.92447484 0.23419094 -0.072532296 0.5772444 -0.24096096 -0.017080069 0.7752876
-0.15313697 -0.69204676 -0.8562714 -0.36593866 -0.32843435 0.45583987 -0.16868913 -0.7823123 0.85636806 -0.16658998 -0.58984804 -0.71533895 -0.6174058 0.29133224 0.8853469 0.10834527 0.6405468 0.30087173 -0.16909611 0.01752925 -0.19882071 -0.9020941 -0.19303226 0.94355035 0.5010656 0.04469514 -0.9704913 0.30249822 0.55222344 -0.1516447 -0.33662868 -0.7805706 -0.11832452 0.6194806 0.43025935 -0.92447484 0.23419094 -0.072532296 0.5772444 -0.24096096 -0.017080069 0.7752876
-0.15313697 -0.69204676 -0.8562714 -0.36593866 -0.32843435 0.45583987 -0.16868913 -0.7823123 0.85636806 -0.16658998 -0.58984804 -0.71533895 -0.6174058 0.29133224 0.8853469 0.10834527 0.6405468 0.30087173 -0.16909611 0.01752925 -0.19882071 -0.9020941 -0.19303226 0.94355035 0.5010656 0.04469514 -0.9704913 0.30249822 0.55222344 -0.1516447 -0.33662868 -0.7805706 -0.11832452 0.6194806 0.43025935 -0.92447484 0.23419094 -0.072532296 0.5772444 -0.24096096 -0.017080069 0.7752876
-0.15313697 -0.69204676 -0.8562714 -0.36593866 -0.32843435 0.45583987 -0.16868913 -0.7823123 0.85636806 -0.16658998 -0.58984804 -0.71533895 -0.6174058 0.29133224 0.8853469 0.10834527 0.6405468 0.30087173 -0.16909611 0.01752925 -0.19882071 -0.9020941 -0.19303226 0.94355035 0.5010656 0.04469514 -0.9704913 0.30249822 0.55222344 -0.1516447 -0.33662868 -0.7805706 -0.11832452 0.6194806 0.43025935 -0.92447484 0.23419094 -0.072532296 0.5772444 -0.24096096 -0.017080069 0.7752876
-0.15313697 -0.69204676 -0.8562714 -0.36593866 -0.32843435 0.45583987 -0.16868913 -0.7823123 0.85636806 -0.16658998 -0.58984804 -0.71533895 -0.6174058 0.29133224 0.8853469 0.10834527 0.6405468 0.30087173 -0.16909611 0.01752925 -0.19882071 -0.9020941 -0.19303226 0.94355035 0.5010656 0.04469514 -0.9704913 0.30249822 0.55222344 -0.1516447 -0.33662868 -0.7805706 -0.11832452 0.6194806 0.43025935 -0.92447484 0.23419094 -0.072532296 0.5772444 -0.24096096 -0.017080069 0.7752876
-0.15313697 -0.69204676 -0.8562714 -0.36593866 -0.32843435 0.45583987 -0.16868913 -0.7823123 0.85636806 -0.16658998 -0.58984804 -0.71533895 -0.6174058 0.29133224 0.8853469 0.10834527 0.6405468 0.30087173 -0.16909611 0.01752925 -0.19882071 -0.9020941 -0.19303226 0.94355035 0.5010656 0.04469514 -0.9704913 0.30249822 0.55222344 -0.1516447 -0.33662868 -0.7805706 -0.11832452 0.6194806 0.43025935 -0.92447484 0.23419094 -0.072532296 0.5772444 -0.24096096 -0.017080069 0.7752876
-0.15313697 -0.69204676 -0.8562714 -0.36593866 -0.32843435 0.45583987 -0.16868913 -0.7823123 0.85636806 -0.16658998 -0.58984804 -0.71533895 -0.6174058 0.29133224 0.8853469 0.10834527 0.6405468 0.30087173 -0.16909611 0.01752925 -0.19882071 -0.9020941 -0.19303226 0.94355035 0.5010656 0.04469514 -0.9704913 0.30249822 0.55222344 -0.1516447 -0.33662868 -0.7805706 -0.11832452 0.6194806 0.43025935 -0.92447484 0.23419094 -0.072532296 0.5772444 -0.24096096 -0.017080069 0.7752876
-0.15313697 -0.69204676 -0.8562714 -0.36593866 -0.32843435 0.45583987 -0.16868913 -0.7823123 0.85636806 -0.16658998 -0.58984804 -0.71533895 -0.6174058 0.29133224 0.8853469 0.10834527 0.6405468 0.30087173 -0.16909611 0.01752925 -0.19882071 -0.9020941 -0.19303226 0.94355035 0.5010656 0.04469514 -0.9704913 0.30249822 0.55222344 -0.1516447 -0.33662868 -0.7805706 -0.11832452 0.6194806 0.43025935 -0.92447484 0.23419094 -0.072532296 0.5772444 -0.24096096 -0.017080069 0.7752876
-0.15313697 -0.69204676 -0.8562714 -0.36593866 -0.32843435 0.45583987 -0.16868913 -0.7823123 0.85636806 -0.16658998 -0.58984804 -0.71533895 -0.6174058 0.29133224 0.8853469 0.10834527 0.6405468 0.30087173 -0.16909611 0.01752925 -0.19882071 -0.9020941 -0.19303226 0.94355035 0.5010656 0.04469514 -0.9704913 0.30249822 0.55222344 -0.1516447 -0.33662868 -0.7805706 -0.11832452 0.6194806 0.43025935 -0.92447484 0.23419094 -0.072532296 0.5772444 -0.24096096 -0.017080069 0.7752876
-0.15313697 -0.69204676 -0.8562714 -0.36593866 -0.32843435 0.45583987 -0.16868913 -0.7823123 0.85636806 -0.16658998 -0.58984804 -0.71533895 -0.6174058 0.29133224 0.8853469 0.10834527 0.6405468 0.30087173 -0.16909611 0.01752925 -0.19882071 -0.9020941 -0.19303226 0.94355035 0.5010656 0.04469514 -0.9704913 0.30249822 0.55222344 -0.1516447 -0.33662868 -0.7805706 -0.11832452 0.6194806 0.43025935 -0.92447484 0.23419094 -0.072532296 0.5772444 -0.24096096 -0.017080069 0.7752876
-0.15313697 -0.69204676 -0.8562714 -0.36593866 -0.32843435 0.45583987 -0.16868913 -0.7823123 0.85636806 -0.16658998 -0.58984804 -0.71533895 -0.6174058 0.29133224 0.8853469 0.10834527 0.6405468 0.30087173 -0.16909611 0.01752925 -0.19882071 -0.9020941 -0.19303226 0.94355035 0.5010656 0.04469514 -0.9704913 0.30249822 0.55222344 -0.1516447 -0.33662868 -0.7805706 -0.11832452 0.6194806 0.43025935 -0.92447484 0.23419094 -0.072532296 0.5772444 -0.24096096 -0.017080069 0.7752876
-0.15313697 -0.69204676 -0.8562714 -0.36593866 -0.32843435 0.45583987 -0.16868913 -0.7823123 0.85636806 -0.16658998 -0.58984804 -0.71533895 -0.6174058 0.29133224 0.8853469 0.10834527 0.6405468 0.30087173 -0.16909611 0.01752925 -0.19882071 -0.9020941 -0.19303226 0.94355035 0.5010656 0.04469514 -0.9704913 0.30249822 0.55222344 -0.1516447 -0.33662868 -0.7805706 -0.11832452 0.6194806 0.43025935 -0.92447484 0.23419094 -0.072532296 0.5772444 -0.24096096 -0.017080069 0.7752876
-0.15313697 -0.69204676 -0.8562714 -0.36593866 -0.32843435 0.45583987 -0.16868913 -0.7823123 0.85636806 -0.16658998 -0.58984804 -0.71533895 -0.6174058 0.29133224 0.8853469 0.10834527 0.6405468 0.30087173 -0.16909611 0.01752925 -0.19882071 -0.9020941 -0.19303226 0.94355035 0.5010656 0.04469514 -0.9704913 0.30249822 0.55222344 -0.1516447 -0.33662868 -0.7805706 -0.11832452 0.6194806 0.43025935 -0.92447484 0.23419094 -0.072532296 0.5772444 -0.24096096 -0.017080069 0.7752876
-0.15313697 -0.69204676 -0.8562714 -0.36593866 -0.32843435 0.45583987 -0.16868913 -0.7823123 0.85636806 -0.16658998 -0.58984804 -0.71533895 -0.6174058 0.29133224 0.8853469 0.10834527 0.6405468 0.30087173 -0.16909611 0.01752925 -0.19882071 -0.9020941 -0.19303226 0.94355035 0.5010656 0.04469514 -0.9704913 0.30249822 0.55222344 -0.1516447 -0.33662868 -0.7805706 -0.11832452 0.6194806 0.43025935 -0.92447484 0.23419094 -0.072532296 0.5772444 -0.24096096 -0.017080069 0.7752876
-0.15313697 -0.69204676 -0.8562714 -0.36593866 -0.32843435 0.45583987 -0.16868913 -0.7823123 0.85636806 -0.16658998 -0.58984804 -0.71533895 -0.6174058 0.29133224 0.8853469 0.10834527 0.6405468 0.30087173 -0.16909611 0.01752925 -0.19882071 -0.9020941 -0.19303226 0.94355035 0.5010656 0.04469514 -0.9704913 0.30249822 0.55222344 -0.1516447 -0.33662868 -0.7805706 -0.11832452 0.6194806 0.43025935 -0.92447484 0.23419094 -0.072532296 0.5772444 -0.24096096 -0.017080069 0.7752876
-0.15313697 -0.69204676 -0.8562714 -0.36593866 -0.32843435 0.45583987 -0.16868913 -0.7823123 0.85636806 -0.16658998 -0.58984804 -0.71533895 -0.6174058 0.29133224 0.8853469 0.10834527 0.6405468 0.30087173 -0.16909611 0.01752925 -0.19882071 -0.9020941 -0.19303226 0.94355035 0.5010656 0.04469514 -0.9704913 0.30249822 0.55222344 -0.1516447 -0.33662868 -0.7805706 -0.11832452 0.6194806 0.43025935 -0.92447484 0.23419094 -0.072532296 0.5772444 -0.24096096 -0.017080069 0.7752876
-0.15313697 -0.69204676 -0.8562714 -0.36593866 -0.32843435 0.45583987 -0.16868913 -0.7823123 0.85636806 -0.16658998 -0.58984804 -0.71533895 -0.6174058 0.29133224 0.8853469 0.10834527 0.6405468 0.30087173 -0.16909611 0.01752925 -0.19882071 -0.9020941 -0.19303226 0.94355035 0.5010656 0.04469514 -0.9704913 0.30249822 0.55222344 -0.1516447 -0.33662868 -0.7805706 -0.11832452 0.6194806 0.43025935 -0.92447484 0.23419094 -0.072532296 0.5772444 -0.24096096 -0.017080069 0.7752876
-0.15313697 -0.69204676 -0.8562714 -0.36593866 -0.32843435 0.45583987 -0.16868913 -0.7823123 0.85636806 -0.16658998 -0.58984804 -0.71533895 -0.6174058 0.29133224 0.8853469 0.10834527 0.6405468 0.30087173 -0.16909611 0.01752925 -0.19882071 -0.9020941 -0.19303226 0.94355035 0.5010656 0.04469514 -0.9704913 0.30249822 0.55222344 -0.1516447 -0.33662868 -0.7805706 -0.11832452 0.6194806 0.43025935 -0.92447484 0.23419094 -0.072532296 0.5772444 -0.24096096 -0.017080069 0.7752876
-0.15313697 -0.69204676 -0.8562714 -0.36593866 -0.32843435 0.45583987 -0.16868913 -0.7823123 0.85636806 -0.16658998 -0.58984804 -0.71533895 -0.6174058 0.29133224 0.8853469 0.10834527 0.6405468 0.30087173 -0.16909611 0.01752925 -0.19882071 -0.9020941 -0.19303226 0.94355035 0.5010656 0.04469514 -0.9704913 0.30249822 0.55222344 -0.1516447 -0.33662868 -0.7805706 -0.11832452 0.6194806 0.43025935 -0.92447484 0.23419094 -0.072532296 0.5772444 -0.24096096 -0.017080069 0.7752876
-0.15313697 -0.69204676 -0.8562714 -0.36593866 -0.32843435 0.45583987 -0.16868913 -0.7823123 0.85636806 -0.16658998 -0.58984804 -0.71533895 -0.6174058 0.29133224 0.8853469 0.10834527 0.6405468 0.30087173 -0.16909611 0.01752925 -0.19882071 -0.9020941 -0.19303226 0.94355035 0.5010656 0.04469514 -0.9704913 0.30249822 0.55222344 -0.1516447 -0.33662868 -0.7805706 -0.11832452 0.6194806 0.43025935 -0.92447484 0.23419094 -0.072532296 0.5772444 -0.24096096 -0.017080069 0.7752876
-0.15313697 -0.69204676 -0.8562714 -0.36593866 -0.32843435 0.45583987 -0.16868913 -0.7823123 0.85636806 -0.16658998 -0.58984804 -0.71533895 -0.6174058 0.29133224 0.8853469 0.10834527 0.6405468 0.30087173 -0.16909611 0.01752925 -0.19882071 -0.9020941 -0.19303226 0.94355035 0.5010656 0.04469514 -0.9704913 0.30249822 0.55222344 -0.1516447 -0.33662868 -0.7805706 -0.11832452 0.6194806 0.43025935 -0.92447484 0.23419094 -0.072532296 0.5772444 -0.24096096 -0.017080069 0.7752876
-0.15313697 -0.69204676 -0.8562714 -0.36593866 -0.32843435 0.45583987 -0.16868913 -0.7823123 0.85636806 -0.16658998 -0.58984804 -0.71533895 -0.6174058 0.29133224 0.8853469 0.10834527 0.6405468 0.30087173 -0.16909611 0.01752925 -0.19882071 -0.9020941 -0.19303226 0.94355035 0.5010656 0.04469514 -0.9704913 0.30249822 0.55222344 -0.1516447 -0.33662868 -0.7805706 -0.11832452 0.6194806 0.43025935 -0.92447484 0.23419094 -0.072532296 0.5772444 -0.24096096 -0.017080069 0.7752876
-0.15313697 -0.69204676 -0.8562714 -0.36593866 -0.32843435 0.45583987 -0.16868913 -0.7823123 0.85636806 -0.16658998 -0.58984804 -0.71533895 -0.6174058 0.29133224 0.8853469 0.10834527 0.6405468 0.30087173 -0.16909611 0.01752925 -0.19882071 -0.9020941 -0.19303226 0.94355035 0.5010656 0.04469514 -0.9704913 0.30249822 0.55222344 -0.1516447 -0.33662868 -0.7805706 -0.11832452 0.6194806 0.43025935 -0.92447484 0.23419094 -0.072532296 0.5772444 -0.24096096 -0.017080069 0.7752876
-0.15313697 -0.69204676 -0.8562714 -0.36593866 -0.32843435 0.45583987 -0.16868913 -0.7823123 0.85636806 -0.16658998 -0.58984804 -0.71533895 -0.6174058 0.29133224 0.8853469 0.10834527 0.6405468 0.30087173 -0.16909611 0.01752925 -0.19882071 -0.9020941 -0.19303226 0.94355035 0.5010656 0.04469514 -0.9704913 0.30249822 0.55222344 -0.1516447 -0.33662868 -0.7805706 -0.11832452 0.6194806 0.43025935 -0.92447484 0.23419094 -0.072532296 0.5772444 -0.24096096 -0.017080069 0.7752876
-0.15313697 -0.69204676 -0.8562714 -0.36593866 -0.32843435 0.45583987 -0.16868913 -0.7823123 0.85636806 -0.16658998 -0.58984804 -0.71533895 -0.6174058 0.29133224 0.8853469 0.10834527 0.6405468 0.30087173 -0.16909611 0.01752925 -0.19882071 -0.9020941 -0.19303226 0.94355035 0.5010656 0.04469514 -0.9704913 0.30249822 0.55222344 -0.1516447 -0.33662868 -0.7805706 -0.11832452 0.6194806 0.43025935 -0.92447484 0.23419094 -0.072532296 0.5772444 -0.24096096 -0.017080069 0.7752876
-0.15313697 -0.69204676 -0.8562714 -0.36593866 -0.32843435 0.45583987 -0.16868913 -0.7823123 0.85636806 -0.16658998 -0.58984804 -0.71533895 -0.6174058 0.29133224 0.8853469 0.10834527 0.6405468 0.30087173 -0.16909611 0.01752925 -0.19882071 -0.9020941 -0.19303226 0.94355035 0.5010656 0.04469514 -0.9704913 0.30249822 0.55222344 -0.1516447 -0.33662868 -0.7805706 -0.11832452 0.6194806 0.43025935 -0.92447484 0.23419094 -0.072532296 0.5772444 -0.24096096 -0.017080069 0.7752876
-0.15313697 -0.69204676 -0.8562714 -0.36593866 -0.32843435 0.45583987 -0.16868913 -0.7823123 0.85636806 -0.16658998 -0.58984804 -0.71533895 -0.6174058 0.29133224 0.8853469 0.10834527 0.6405468 0.30087173 -0.16909611 0.01752925 -0.19882071 -0.9020941 -0.19303226 0.94355035 0.5010656 0.04469514 -0.9704913 0.30249822 0.55222344 -0.1516447 -0.33662868 -0.7805706 -0.11832452 0.6194806 0.43025935 -0.92447484 0.23419094 -0.072532296 0.5772444 -0.24096096 -0.017080069 0.7752876
-0.15313697 -0.69204676 -0.8562714 -0.36593866 -0.32843435 0.45583987 -0.16868913 -0.7823123 0.85636806 -0.16658998 -0.58984804 -0.71533895 -0.6174058 0.29133224 0.8853469 0.10834527 0.6405468 0.30087173 -0.16909611 0.01752925 -0.19882071 -0.9020941 -0.19303226 0.94355035 0.5010656 0.04469514 -0.9704913 0.30249822 0.55222344 -0.1516447 -0.33662868 -0.7805706 -0.11832452 0.6194806 0.43025935 -0.92447484 0.23419094 -0.072532296 0.5772444 -0.24096096 -0.017080069 0.7752876
-0.15313697 -0.69204676 -0.8562714 -0.36593866 -0.32843435 0.45583987 -0.16868913 -0.7823123 0.85636806 -0.16658998 -0.58984804 -0.71533895 -0.6174058 0.29133224 0.8853469 0.10834527 0.6405468 0.30087173 -0.16909611 0.01752925 -0.19882071 -0.9020941 -0.19303226 0.94355035 0.5010656 0.04469514 -0.9704913 0.30249822 0.55222344 -0.1516447 -0.33662868 -0.7805706 -0.11832452 0.6194806 0.43025935 -0.92447484 0.23419094 -0.072532296 0.5772444 -0.24096096 -0.017080069 0.7752876
-0.15313697 -0.69204676 -0.8562714 -0.36593866 -0.32843435 0.45583987 -0.16868913 -0.7823123 0.85636806 -0.16658998 -0.58984804 -0.71533895 -0.6174058 0.29133224 0.8853469 0.10834527 0.6405468 0.30087173 -0.16909611 0.01752925 -0.19882071 -0.9020941 -0.19303226 0.94355035 0.5010656 0.04469514 -0.9704913 0.30249822 0.55222344 -0.1516447 -0.33662868 -0.7805706 -0.11832452 0.6194806 0.43025935 -0.92447484 0.23419094 -0.072532296 0.5772444 -0.24096096 -0.017080069 0.7752876
-0.15313697 -0.69204676 -0.8562714 -0.36593866 -0.32843435 0.45583987 -0.16868913 -0.7823123 0.85636806 -0.16658998 -0.58984804 -0.71533895 -0.6174058 0.29133224 0.8853469 0.10834527 0.6405468 0.30087173 -0.16909611 0.01752925 -0.19882071 -0.9020941 -0.19303226 0.94355035 0.5010656 0.04469514 -0.9704913 0.30249822 0.55222344 -0.1516447 -0.33662868 -0.7805706 -0.11832452 0.6194806 0.43025935 -0.92447484 0.23419094 -0.072532296 0.5772444 -0.24096096 -0.017080069 0.7752876
-0.15313697 -0.69204676 -0.8562714 -0.36593866 -0.32843435 0.45583987 -0.16868913 -0.7823123 0.85636806 -0.16658998 -0.58984804 -0.71533895 -0.6174058 0.29133224 0.8853469 0.10834527 0.6405468 0.30087173 -0.16909611 0.01752925 -0.19882071 -0.9020941 -0.19303226 0.94355035 0.5010656 0.04469514 -0.9704913 0.30249822 0.55222344 -0.1516447 -0.33662868 -0.7805706 -0.11832452 0.6194806 0.43025935 -0.92447484 0.23419094 -0.072532296 0.5772444 -0.24096096 -0.017080069 0.7752876
-0.15313697 -0.69204676 -0.8562714 -0.36593866 -0.32843435 0.45583987 -0.16868913 -0.7823123 0.85636806 -0.16658998 -0.58984804 -0.71533895 -0.6174058 0.29133224 0.8853469 0.10834527 0.6405468 0.30087173 -0.16909611 0.01752925 -0.19882071 -0.9020941 -0.19303226 0.94355035 0.5010656 0.04469514 -0.9704913 0.30249822 0.55222344 -0.1516447 -0.33662868 -0.7805706 -0.11832452 0.6194806 0.43025935 -0.92447484 0.23419094 -0.072532296 0.5772444 -0.24096096 -0.017080069 0.7752876
-0.15313697 -0.69204676 -0.8562714 -0.36593866 -0.32843435 0.45583987 -0.16868913 -0.7823123 0.85636806 -0.16658998 -0.58984804 -0.71533895 -0.6174058 0.29133224 0.8853469 0.10834527 0.6405468 0.30087173 -0.16909611 0.01752925 -0.19882071 -0.9020941 -0.19303226 0.94355035 0.5010656 0.04469514 -0.9704913 0.30249822 0.55222344 -0.1516447 -0.33662868 -0.7805706 -0.11832452 0.6194806 0.43025935 -0.92447484 0.23419094 -0.072532296 0.5772444 -0.24096096 -0.017080069 0.7752876
-0.15313697 -0.69204676 -0.8562714 -0.36593866 -0.32843435 0.45583987 -0.16868913 -0.7823123 0.85636806 -0.16658998 -0.58984804 -0.71533895 -0.6174058 0.29133224 0.8853469 0.10834527 0.6405468 0.30087173 -0.16909611 0.01752925 -0.19882071 -0.9020941 -0.19303226 0.94355035 0.5010656 0.04469514 -0.9704913 0.30249822 0.55222344 -0.1516447 -0.33662868 -0.7805706 -0.11832452 0.6194806 0.43025935 -0.92447484 0.23419094 -0.072532296 0.5772444 -0.24096096 -0.017080069 0.7752876
-0.15313697 -0.69204676 -0.8562714 -0.36593866 -0.32843435 0.45583987 -0.16868913 -0.7823123 0.85636806 -0.16658998 -0.58984804 -0.71533895 -0.6174058 0.29133224 0.8853469 0.10834527 0.6405468 0.30087173 -0.16909611 0.01752925 -0.19882071 -0.9020941 -0.19303226 0.94355035 0.5010656 0.04469514 -0.9704913 0.30249822 0.55222344 -0.1516447 -0.33662868 -0.7805706 -0.11832452 0.6194806 0.43025935 -0.92447484 0.23419094 -0.072532296 0.5772444 -0.24096096 -0.017080069 0.7752876
-0.15313697 -0.69204676 -0.8562714 -0.36593866 -0.32843435 0.45583987 -0.16868913 -0.7823123 0.85636806 -0.16658998 -0.58984804 -0.71533895 -0.6174058 0.29133224 0.8853469 0.10834527 0.6405468 0.30087173 -0.16909611 0.01752925 -0.19882071 -0.9020941 -0.19303226 0.94355035 0.5010656 0.04469514 -0.9704913 0.30249822 0.55222344 -0.1516447 -0.33662868 -0.7805706 -0.11832452 0.6194806 0.43025935 -0.92447484 0.23419094 -0.072532296 0.5772444 -0.24096096 -0.017080069 0.7752876
-0.15313697 -0.69204676 -0.8562714 -0.36593866 -0.32843435 0.45583987 -0.16868913 -0.7823123 0.85636806 -0.16658998 -0.58984804 -0.71533895 -0.6174058 0.29133224 0.8853469 0.10834527 0.6405468 0.30087173 -0.16909611 0.01752925 -0.19882071 -0.9020941 -0.19303226 0.94355035 0.5010656 0.04469514 -0.9704913 0.30249822 0.55222344 -0.1516447 -0.33662868 -0.7805706 -0.11832452 0.6194806 0.43025935 -0.92447484 0.23419094 -0.072532296 0.5772444 -0.24096096 -0.017080069 0.7752876
-0.15313697 -0.69204676 -0.8562714 -0.36593866 -0.32843435 0.45583987 -0.16868913 -0.7823123 0.85636806 -0.16658998 -0.58984804 -0.71533895 -0.6174058 0.29133224 0.8853469 0.10834527 0.6405468 0.30087173 -0.16909611 0.01752925 -0.19882071 -0.9020941 -0.19303226 0.94355035 0.5010656 0.04469514 -0.9704913 0.30249822 0.55222344 -0.1516447 -0.33662868 -0.7805706 -0.11832452 0.6194806 0.43025935 -0.92447484 0.23419094 -0.072532296 0.5772444 -0.24096096 -0.017080069 0.7752876
-0.15313697 -0.69204676 -0.8562714 -0.36593866 -0.32843435 0.45583987 -0.16868913 -0.7823123 0.85636806 -0.16658998 -0.58984804 -0.71533895 -0.6174058 0.29133224 0.8853469 0.10834527 0.6405468 0.30087173 -0.16909611 0.01752925 -0.19882071 -0.9020941 -0.19303226 0.94355035 0.5010656 0.04469514 -0.9704913 0.30249822 0.55222344 -0.1516447 -0.33662868 -0.7805706 -0.11832452 0.6194806 0.43025935 -0.92447484 0.23419094 -0.072532296 0.5772444 -0.24096096 -0.017080069 0.7752876
-0.15313697 -0.69204676 -0.8562714 -0.36593866 -0.32843435 0.45583987 -0.16868913 -0.7823123 0.85636806 -0.16658998 -0.58984804 -0.71533895 -0.6174058 0.29133224 0.8853469 0.10834527 0.6405468 0.30087173 -0.16909611 0.01752925 -0.19882071 -0.9020941 -0.19303226 0.94355035 0.5010656 0.04469514 -0.9704913 0.30249822 0.55222344 -0.1516447 -0.33662868 -0.7805706 -0.11832452 0.6194806 0.43025935 -0.92447484 0.23419094 -0.072532296 0.5772444 -0.24096096 -0.017080069 0.7752876
-0.15313697 -0.69204676 -0.8562714 -0.36593866 -0.32843435 0.45583987 -0.16868913 -0.7823123 0.85636806 -0.16658998 -0.58984804 -0.71533895 -0.6174058 0.29133224 0.8853469 0.10834527 0.6405468 0.30087173 -0.16909611 0.01752925 -0.19882071 -0.9020941 -0.19303226 0.94355035 0.5010656 0.04469514 -0.9704913 0.30249822 0.55222344 -0.1516447 -0.33662868 -0.7805706 -0.11832452 0.6194806 0.43025935 -0.92447484 0.23419094 -0.072532296 0.5772444 -0.24096096 -0.017080069 0.7752876
-0.15313697 -0.69204676 -0.8562714 -0.36593866 -0.32843435 0.45583987 -0.16868913 -0.7823123 0.85636806 -0.16658998 -0.58984804 -0.71533895 -0.6174058 0.29133224 0.8853469 0.10834527 0.6405468 0.30087173 -0.16909611 0.01752925 -0.19882071 -0.9020941 -0.19303226 0.94355035 0.5010656 0.04469514 -0.9704913 0.30249822 0.55222344 -0.1516447 -0.33662868 -0.7805706 -0.11832452 0.6194806 0.43025935 -0.92447484 0.23419094 -0.072532296 0.5772444 -0.24096096 -0.017080069 0.7752876
-0.15313697 -0.69204676 -0.8562714 -0.36593866 -0.32843435 0.45583987 -0.16868913 -0.7823123 0.85636806 -0.16658998 -0.58984804 -0.71533895 -0.6174058 0.29133224 0.8853469 0.10834527 0.6405468 0.30087173 -0.16909611 0.01752925 -0.19882071 -0.9020941 -0.19303226 0.94355035 0.5010656 0.04469514 -0.9704913 0.30249822 0.55222344 -0.1516447 -0.33662868 -0.7805706 -0.11832452 0.6194806 0.43025935 -0.92447484 0.23419094 -0.072532296 0.5772444 -0.24096096 -0.017080069 0.7752876
-0.15313697 -0.69204676 -0.8562714 -0.36593866 -0.32843435 0.45583987 -0.16868913 -0.7823123 0.85636806 -0.16658998 -0.58984804 -0.71533895 -0.6174058 0.29133224 0.8853469 0.10834527 0.6405468 0.30087173 -0.16909611 0.01752925 -0.19882071 -0.9020941 -0.19303226 0.94355035 0.5010656 0.04469514 -0.9704913 0.30249822 0.55222344 -0.1516447 -0.33662868 -0.7805706 -0.11832452 0.6194806 0.43025935 -0.92447484 0.23419094 -0.072532296 0.5772444 -0.24096096 -0.017080069 0.7752876
-0.15313697 -0.69204676 -0.8562714 -0.36593866 -0.32843435 0.45583987 -0.16868913 -0.7823123 0.85636806 -0.16658998 -0.58984804 -0.71533895 -0.6174058 0.29133224 0.8853469 0.10834527 0.6405468 0.30087173 -0.16909611 0.01752925 -0.19882071 -0.9020941 -0.19303226 0.94355035 0.5010656 0.04469514 -0.9704913 0.30249822 0.55222344 -0.1516447 -0.33662868 -0.7805706 -0.11832452 0.6194806 0.43025935 -0.92447484 0.23419094 -0.072532296 0.5772444 -0.24096096 -0.017080069 0.7752876
-0.15313697 -0.69204676 -0.8562714 -0.36593866 -0.32843435 0.45583987 -0.16868913 -0.7823123 0.85636806 -0.16658998 -0.58984804 -0.71533895 -0.6174058 0.29133224 0.8853469 0.10834527 0.6405468 0.30087173 -0.16909611 0.01752925 -0.19882071 -0.9020941 -0.19303226 0.94355035 0.5010656 0.04469514 -0.9704913 0.30249822 0.55222344 -0.1516447 -0.33662868 -0.7805706 -0.11832452 0.6194806 0.43025935 -0.92447484 0.23419094 -0.072532296 0.5772444 -0.24096096 -0.017080069 0.7752876
-0.15313697 -0.69204676 -0.8562714 -0.36593866 -0.32843435 0.45583987 -0.16868913 -0.7823123 0.85636806 -0.16658998 -0.58984804 -0.71533895 -0.6174058 0.29133224 0.8853469 0.10834527 0.6405468 0.30087173 -0.16909611 0.01752925 -0.19882071 -0.9020941 -0.19303226 0.94355035 0.5010656 0.04469514 -0.9704913 0.30249822 0.55222344 -0.1516447 -0.33662868 -0.7805706 -0.11832452 0.6194806 0.43025935 -0.92447484 0.23419094 -0.072532296 0.5772444 -0.24096096 -0.017080069 0.7752876
-0.15313697 -0.69204676 -0.8562714 -0.36593866 -0.32843435 0.45583987 -0.16868913 -0.7823123 0.85636806 -0.16658998 -0.58984804 -0.71533895 -0.6174058 0.29133224 0.8853469 0.10834527 0.6405468 0.30087173 -0.16909611 0.01752925 -0.19882071 -0.9020941 -0.19303226 0.94355035 0.5010656 0.04469514 -0.9704913 0.30249822 0.55222344 -0.1516447 -0.33662868 -0.7805706 -0.11832452 0.6194806 0.43025935 -0.92447484 0.23419094 -0.072532296 0.5772444 -0.24096096 -0.017080069 0.7752876
-0.15313697 -0.69204676 -0.8562714 -0.36593866 -0.32843435 0.45583987 -0.16868913 -0.7823123 0.85636806 -0.16658998 -0.58984804 -0.71533895 -0.6174058 0.29133224 0.8853469 0.10834527 0.6405468 0.30087173 -0.16909611 0.01752925 -0.19882071 -0.9020941 -0.19303226 0.94355035 0.5010656 0.04469514 -0.9704913 0.30249822 0.55222344 -0.1516447 -0.33662868 -0.7805706 -0.11832452 0.6194806 0.43025935 -0.92447484 0.23419094 -0.072532296 0.5772444 -0.24096096 -0.017080069 0.7752876
